,Day,Cash,Portfolio,Total,Open,Close,High,Low,Signal,Target price,Tag,MDD
0,2009-11-18,10000.0,0.0,10000.0,7325,7455,7490,7325,0.0,7455,0,0
1,2009-11-19,28.639999999999418,9971.0,9999.64,7500,7670,7670,7500,1.0,7670,0,0
2,2009-11-20,28.639999999999418,9971.0,9999.64,7670,7670,7700,7600,0.0,7670,0,0
3,2009-11-23,28.639999999999418,9984.0,10012.64,7800,7680,7800,7625,0.0,7680,0,0
4,2009-11-24,28.639999999999418,9932.0,9960.64,7685,7640,7700,7600,0.0,7640,0,0
5,2009-11-25,28.639999999999418,9971.0,9999.64,7700,7670,7800,7655,0.0,7670,0,0
6,2009-11-26,28.639999999999418,9938.5,9967.14,7675,7645,7745,7645,0.0,7645,0,0
7,2009-11-27,28.639999999999418,9516.0,9544.64,7600,7320,7600,7275,0.0,7320,0,0
8,2009-11-30,28.639999999999418,9808.5,9837.14,7400,7545,7545,7400,0.0,7545,0,0
9,2009-12-01,28.639999999999418,10192.0,10220.64,7560,7840,7840,7425,0.0,7840,0,0
10,2009-12-02,28.639999999999418,10075.0,10103.64,7850,7750,7875,7680,0.0,7750,0,0
11,2009-12-03,28.639999999999418,10133.5,10162.14,7755,7795,7795,7710,0.0,7795,0,0
12,2009-12-04,28.639999999999418,10218.0,10246.64,7795,7860,7890,7795,0.0,7860,0,0
13,2009-12-07,28.639999999999418,10296.0,10324.64,7860,7920,7940,7860,0.0,7920,0,0
14,2009-12-08,28.639999999999418,10270.0,10298.64,7960,7900,7960,7895,0.0,7900,0,0
15,2009-12-09,28.639999999999418,10296.0,10324.64,7870,7920,7920,7840,0.0,7920,0,0
16,2009-12-10,28.639999999999418,10250.5,10279.14,7920,7885,7965,7835,0.0,7885,0,0
17,2009-12-11,28.639999999999418,10536.5,10565.14,7885,8105,8135,7885,0.0,8105,0,0
18,2009-12-14,28.639999999999418,10588.5,10617.14,8145,8145,8145,8040,0.0,8145,0,0
19,2009-12-15,28.639999999999418,10562.5,10591.14,8195,8125,8195,8075,0.0,8125,0,0
20,2009-12-16,28.639999999999418,10445.5,10474.14,8120,8035,8120,7970,0.0,8035,0,0
21,2009-12-17,28.639999999999418,10413.0,10441.64,8035,8010,8095,7980,0.0,8010,0,0
22,2009-12-18,28.639999999999418,10322.0,10350.64,7860,7940,7965,7860,0.0,7940,0,0
23,2009-12-21,28.639999999999418,10341.5,10370.14,7940,7955,8000,7920,0.0,7955,0,0
24,2009-12-22,28.639999999999418,10289.5,10318.14,8000,7915,8010,7915,0.0,7915,0,0
25,2009-12-23,28.639999999999418,10387.0,10415.64,7950,7990,8000,7945,0.0,7990,0,0
26,2009-12-24,28.639999999999418,10497.5,10526.14,7990,8075,8090,7990,0.0,8075,0,0
27,2009-12-28,28.639999999999418,10445.5,10474.14,8195,8035,8195,8005,0.0,8035,0,0
28,2009-12-29,28.639999999999418,10530.0,10558.64,7900,8100,8140,7900,0.0,8100,0,0
29,2009-12-30,28.639999999999418,10660.0,10688.64,8100,8200,8200,8020,0.0,8200,0,0
30,2010-01-04,28.639999999999418,10660.0,10688.64,8200,8200,8235,8185,0.0,8200,0,0
31,2010-01-05,28.639999999999418,10764.0,10792.64,8300,8280,8340,8265,0.0,8280,0,0
32,2010-01-06,28.639999999999418,10959.0,10987.64,8350,8430,8450,8350,0.0,8430,0,0
33,2010-01-07,28.639999999999418,10822.5,10851.14,8500,8325,8505,8320,0.0,8325,0,0
34,2010-01-08,28.639999999999418,10946.0,10974.64,8325,8420,8420,8210,0.0,8420,0,0
35,2010-01-11,28.639999999999418,10959.0,10987.64,8380,8430,8450,8380,0.0,8430,0,0
36,2010-01-12,28.639999999999418,10913.5,10942.14,8430,8395,8440,8300,0.0,8395,0,0
37,2010-01-13,28.639999999999418,10673.0,10701.64,8395,8210,8395,8210,0.0,8210,0,0
38,2010-01-14,28.639999999999418,10835.5,10864.14,8500,8335,8500,8240,0.0,8335,0,0
39,2010-01-15,28.639999999999418,10861.5,10890.14,8335,8355,8440,8335,0.0,8355,0,0
40,2010-01-18,28.639999999999418,10998.0,11026.64,8320,8460,8500,7105,0.0,8460,0,0
41,2010-01-19,28.639999999999418,11017.5,11046.14,8500,8475,8525,8410,0.0,8475,0,0
42,2010-01-20,28.639999999999418,10790.0,10818.64,8495,8300,8500,8300,0.0,8300,0,0
43,2010-01-21,28.639999999999418,10718.5,10747.14,8300,8245,8300,8140,0.0,8245,0,0
44,2010-01-22,28.639999999999418,10523.5,10552.14,8200,8095,8245,8050,0.0,8095,0,0
45,2010-01-25,10395.76266447,0.0,10395.76266447,7975,7930,8030,7895,-1.0,7930,0,0
46,2010-01-26,10395.76266447,0.0,10395.76266447,7960,7790,7980,7745,0.0,7790,0,0
47,2010-01-27,10395.76266447,0.0,10395.76266447,7790,7740,7840,7700,0.0,7740,0,0
48,2010-01-28,10395.76266447,0.0,10395.76266447,7895,7825,7895,7710,0.0,7825,0,0
49,2010-01-29,10395.76266447,0.0,10395.76266447,7820,7545,7820,7540,0.0,7545,0,0
50,2010-02-01,10395.76266447,0.0,10395.76266447,7600,7605,8090,7480,0.0,7605,0,0
51,2010-02-02,10395.76266447,0.0,10395.76266447,7805,7560,7805,7515,0.0,7560,0,0
52,2010-02-03,10395.76266447,0.0,10395.76266447,7640,7675,7690,7595,0.0,7675,0,0
53,2010-02-04,10395.76266447,0.0,10395.76266447,7800,7630,7800,7565,0.0,7630,0,0
54,2010-02-05,10395.76266447,0.0,10395.76266447,7325,7465,7470,7300,0.0,7465,0,0
55,2010-02-08,10395.76266447,0.0,10395.76266447,7600,7360,7600,7340,0.0,7360,0,0
56,2010-02-09,10395.76266447,0.0,10395.76266447,7260,7470,7470,7260,0.0,7470,0,0
57,2010-02-10,10395.76266447,0.0,10395.76266447,7550,7490,7550,7420,0.0,7490,0,0
58,2010-02-11,10395.76266447,0.0,10395.76266447,7470,7610,7620,7470,0.0,7610,0,0
59,2010-02-12,10395.76266447,0.0,10395.76266447,7620,7620,7650,7595,0.0,7620,0,0
60,2010-02-16,10395.76266447,0.0,10395.76266447,7580,7670,7705,7580,0.0,7670,0,0
61,2010-02-17,10395.76266447,0.0,10395.76266447,7750,7820,7845,7750,0.0,7820,0,0
62,2010-02-18,10395.76266447,0.0,10395.76266447,7870,7760,7870,7740,0.0,7760,0,0
63,2010-02-19,10395.76266447,0.0,10395.76266447,7700,7615,7800,7565,0.0,7615,0,0
64,2010-02-22,10395.76266447,0.0,10395.76266447,7680,7795,7795,7680,0.0,7795,0,0
65,2010-02-23,21.382664470000236,10374.0,10395.38266447,7730,7800,7800,7730,1.0,7800,0,0
66,2010-02-24,21.382664470000236,10354.050000000001,10375.432664470001,7715,7785,7800,7700,0.0,7785,0,0
67,2010-02-25,21.382664470000236,10347.400000000001,10368.782664470002,7880,7780,7880,7725,0.0,7780,0,0
68,2010-02-26,21.382664470000236,10440.5,10461.88266447,7780,7850,7850,7740,0.0,7850,0,0
69,2010-03-02,21.382664470000236,10480.400000000001,10501.782664470002,7920,7880,7920,7850,0.0,7880,0,0
70,2010-03-03,21.382664470000236,10507.0,10528.38266447,7900,7900,7905,7860,0.0,7900,0,0
71,2010-03-04,21.382664470000236,10513.650000000001,10535.032664470002,7905,7905,7950,7905,0.0,7905,0,0
72,2010-03-05,21.382664470000236,10713.150000000001,10734.532664470002,7940,8055,8055,7940,0.0,8055,0,0
73,2010-03-08,21.382664470000236,10773.0,10794.38266447,8150,8100,8150,7700,0.0,8100,0,0
74,2010-03-09,21.382664470000236,10852.800000000001,10874.182664470001,8160,8160,8160,8060,0.0,8160,0,0
75,2010-03-10,21.382664470000236,10959.2,10980.582664470001,8160,8240,8250,8130,0.0,8240,0,0
76,2010-03-11,21.382664470000236,10945.900000000001,10967.282664470002,8240,8230,8260,8200,0.0,8230,0,0
77,2010-03-12,21.382664470000236,10925.95,10947.332664470001,8185,8215,8240,8185,0.0,8215,0,0
78,2010-03-15,21.382664470000236,10859.45,10880.832664470001,8170,8165,8250,8165,0.0,8165,0,0
79,2010-03-16,21.382664470000236,10859.45,10880.832664470001,8165,8165,8180,8150,0.0,8165,0,0
80,2010-03-17,21.382664470000236,11045.650000000001,11067.032664470002,8260,8305,8320,8250,0.0,8305,0,0
81,2010-03-18,21.382664470000236,11198.6,11219.98266447,8205,8420,8430,8205,0.0,8420,0,0
82,2010-03-19,21.382664470000236,11211.900000000001,11233.282664470002,8360,8430,8435,8310,0.0,8430,0,0
83,2010-03-22,21.382664470000236,11178.650000000001,11200.032664470002,8350,8405,8425,8350,0.0,8405,0,0
84,2010-03-23,21.382664470000236,11058.95,11080.332664470001,8415,8315,8415,8255,0.0,8315,0,0
85,2010-03-24,21.382664470000236,10965.85,10987.23266447,8360,8245,8360,7995,0.0,8245,0,0
86,2010-03-25,21.382664470000236,10999.1,11020.48266447,8245,8270,8270,8235,0.0,8270,0,0
87,2010-03-26,21.382664470000236,11118.800000000001,11140.182664470001,8270,8360,8360,8270,0.0,8360,0,0
88,2010-03-29,21.382664470000236,11132.1,11153.48266447,8280,8370,8390,8280,0.0,8370,0,0
89,2010-03-30,21.382664470000236,11158.7,11180.082664470001,8370,8390,8405,8370,0.0,8390,0,0
90,2010-03-31,21.382664470000236,11092.2,11113.582664470001,8370,8340,8390,8340,0.0,8340,0,0
91,2010-04-01,21.382664470000236,11238.5,11259.88266447,8340,8450,8450,8340,0.0,8450,0,0
92,2010-04-02,21.382664470000236,11291.7,11313.082664470001,8600,8490,8600,8410,0.0,8490,0,0
93,2010-04-05,21.382664470000236,11251.800000000001,11273.182664470001,8570,8460,8570,8400,0.0,8460,0,0
94,2010-04-06,21.382664470000236,11191.95,11213.332664470001,8450,8415,8515,8340,0.0,8415,0,0
95,2010-04-07,21.382664470000236,11424.7,11446.082664470001,8495,8590,8590,8430,0.0,8590,0,0
96,2010-04-08,21.382664470000236,11537.75,11559.13266447,8590,8675,8675,8550,0.0,8675,0,0
97,2010-04-09,21.382664470000236,11517.800000000001,11539.182664470001,8800,8660,8800,8555,0.0,8660,0,0
98,2010-04-12,21.382664470000236,11457.95,11479.332664470001,8700,8615,8720,8560,0.0,8615,0,0
99,2010-04-13,21.382664470000236,11418.050000000001,11439.432664470001,8610,8585,8635,8525,0.0,8585,0,0
100,2010-04-14,21.382664470000236,11444.650000000001,11466.032664470002,8590,8605,8670,8575,0.0,8605,0,0
101,2010-04-15,21.382664470000236,11411.400000000001,11432.782664470002,8580,8580,8640,8520,0.0,8580,0,0
102,2010-04-16,21.382664470000236,11457.95,11479.332664470001,8580,8615,8625,8555,0.0,8615,0,0
103,2010-04-19,21.382664470000236,11225.2,11246.582664470001,8500,8440,8550,8410,0.0,8440,0,0
104,2010-04-20,21.382664470000236,11238.5,11259.88266447,8550,8450,8550,8360,0.0,8450,0,0
105,2010-04-21,21.382664470000236,11664.1,11685.48266447,8715,8770,8770,8590,0.0,8770,0,0
106,2010-04-22,21.382664470000236,11803.75,11825.13266447,8720,8875,8890,8715,0.0,8875,0,0
107,2010-04-23,21.382664470000236,11810.400000000001,11831.782664470002,8875,8880,8910,8850,0.0,8880,0,0
108,2010-04-26,21.382664470000236,11930.1,11951.48266447,8880,8970,8970,8850,0.0,8970,0,0
109,2010-04-27,21.382664470000236,11910.150000000001,11931.532664470002,8970,8955,8990,8915,0.0,8955,0,0
110,2010-04-28,21.382664470000236,12089.7,12111.082664470001,8910,9090,9090,8760,0.0,9090,0,0
111,2010-04-29,21.382664470000236,11843.650000000001,11865.032664470002,9120,8905,9120,8855,0.0,8905,0,0
112,2010-04-30,21.382664470000236,12009.900000000001,12031.282664470002,8860,9030,9030,8860,0.0,9030,0,0
113,2010-05-03,21.382664470000236,11970.0,11991.38266447,8980,9000,9055,8925,0.0,9000,0,0
114,2010-05-04,21.382664470000236,12009.900000000001,12031.282664470002,9075,9030,9080,8970,0.0,9030,0,0
115,2010-05-06,21.382664470000236,11704.0,11725.38266447,8800,8800,8860,8705,0.0,8800,0,0
116,2010-05-07,21.382664470000236,11531.1,11552.48266447,8755,8670,8755,8515,0.0,8670,0,0
117,2010-05-10,21.382664470000236,11704.0,11725.38266447,8510,8800,8800,8510,0.0,8800,0,0
118,2010-05-11,21.382664470000236,11723.95,11745.332664470001,8890,8815,8930,8750,0.0,8815,0,0
119,2010-05-12,21.382664470000236,11856.95,11878.332664470001,8775,8915,8950,8775,0.0,8915,0,0
120,2010-05-13,21.382664470000236,11910.150000000001,11931.532664470002,8995,8955,8995,8915,0.0,8955,0,0
121,2010-05-14,21.382664470000236,11963.35,11984.73266447,8915,8995,8995,8855,0.0,8995,0,0
122,2010-05-17,21.382664470000236,11610.900000000001,11632.282664470002,9085,8730,9085,8620,0.0,8730,0,0
123,2010-05-18,11631.860074153601,0.0,11631.860074153601,8730,8545,8745,8450,-1.0,8545,0,0
124,2010-05-19,11631.860074153601,0.0,11631.860074153601,8725,8440,8725,8230,0.0,8440,0,0
125,2010-05-20,11631.860074153601,0.0,11631.860074153601,8395,8175,8460,8120,0.0,8175,0,0
126,2010-05-24,11631.860074153601,0.0,11631.860074153601,8390,8215,8390,8100,0.0,8215,0,0
127,2010-05-25,11631.860074153601,0.0,11631.860074153601,8170,8035,8170,7800,0.0,8035,0,0
128,2010-05-26,11631.860074153601,0.0,11631.860074153601,8035,8100,8100,7950,0.0,8100,0,0
129,2010-05-27,11631.860074153601,0.0,11631.860074153601,8100,8235,8250,8055,0.0,8235,0,0
130,2010-05-28,11631.860074153601,0.0,11631.860074153601,8320,8370,8370,8300,0.0,8370,0,0
131,2010-05-31,11631.860074153601,0.0,11631.860074153601,8455,8525,8525,8420,0.0,8525,0,0
132,2010-06-01,11631.860074153601,0.0,11631.860074153601,8525,8450,8525,8385,0.0,8450,0,0
133,2010-06-03,11631.860074153601,0.0,11631.860074153601,8550,8580,8580,8500,0.0,8580,0,0
134,2010-06-04,11631.860074153601,0.0,11631.860074153601,8580,8700,8730,8580,0.0,8700,0,0
135,2010-06-07,11631.860074153601,0.0,11631.860074153601,8350,8540,8580,8350,0.0,8540,0,0
136,2010-06-08,1.1900741536010173,11630.25,11631.440074153601,8530,8615,8670,8530,1.0,8615,0,0
137,2010-06-09,1.1900741536010173,11691.0,11692.190074153601,8700,8660,8705,8640,0.0,8660,0,0
138,2010-06-10,1.1900741536010173,11724.75,11725.940074153601,8670,8685,8700,8615,0.0,8685,0,0
139,2010-06-11,1.1900741536010173,11812.5,11813.690074153601,8750,8750,8840,8695,0.0,8750,0,0
140,2010-06-14,1.1900741536010173,11880.0,11881.190074153601,8800,8800,8800,8750,0.0,8800,0,0
141,2010-06-15,1.1900741536010173,12015.0,12016.190074153601,8890,8900,8900,8820,0.0,8900,0,0
142,2010-06-16,1.1900741536010173,12197.25,12198.440074153601,8990,9035,9080,8990,0.0,9035,0,0
143,2010-06-17,1.1900741536010173,12359.25,12360.440074153601,9035,9155,9190,9035,0.0,9155,0,0
144,2010-06-18,1.1900741536010173,12460.5,12461.690074153601,9200,9230,9230,9175,0.0,9230,0,0
145,2010-06-21,1.1900741536010173,12744.0,12745.190074153601,9325,9440,9440,9285,0.0,9440,0,0
146,2010-06-22,1.1900741536010173,12683.25,12684.440074153601,9495,9395,9495,9370,0.0,9395,0,0
147,2010-06-23,1.1900741536010173,12757.5,12758.690074153601,9400,9450,9480,9380,0.0,9450,0,0
148,2010-06-24,1.1900741536010173,12885.75,12886.940074153601,9450,9545,9545,9325,0.0,9545,0,0
149,2010-06-25,1.1900741536010173,12771.0,12772.190074153601,9495,9460,9550,9440,0.0,9460,0,0
150,2010-06-28,1.1900741536010173,12825.0,12826.190074153601,9460,9500,9550,9455,0.0,9500,0,0
151,2010-06-29,1.1900741536010173,12710.25,12711.440074153601,9590,9415,9610,9400,0.0,9415,0,0
152,2010-06-30,1.1900741536010173,12642.75,12643.940074153601,9340,9365,9365,9085,0.0,9365,0,0
153,2010-07-01,1.1900741536010173,12784.5,12785.690074153601,9365,9470,9470,9235,0.0,9470,0,0
154,2010-07-02,1.1900741536010173,12433.5,12434.690074153601,9475,9210,9500,9150,0.0,9210,0,0
155,2010-07-05,1.1900741536010173,12339.0,12340.190074153601,9210,9140,9210,9015,0.0,9140,0,0
156,2010-07-06,1.1900741536010173,12413.25,12414.440074153601,9140,9195,9200,8960,0.0,9195,0,0
157,2010-07-07,1.1900741536010173,12433.5,12434.690074153601,9150,9210,9280,9150,0.0,9210,0,0
158,2010-07-08,1.1900741536010173,12730.5,12731.690074153601,9370,9430,9440,9370,0.0,9430,0,0
159,2010-07-09,1.1900741536010173,12818.25,12819.440074153601,9500,9495,9500,9370,0.0,9495,0,0
160,2010-07-12,1.1900741536010173,13108.5,13109.690074153601,9500,9710,9730,9500,0.0,9710,0,0
161,2010-07-13,1.1900741536010173,13169.25,13170.440074153601,9750,9755,9860,9720,0.0,9755,0,0
162,2010-07-14,1.1900741536010173,13358.25,13359.440074153601,9760,9895,9960,9760,0.0,9895,0,0
163,2010-07-15,1.1900741536010173,13412.25,13413.440074153601,9920,9935,9935,9830,0.0,9935,0,0
164,2010-07-16,1.1900741536010173,13419.0,13420.190074153601,10035,9940,10045,9930,0.0,9940,0,0
165,2010-07-19,1.1900741536010173,13473.0,13474.190074153601,10000,9980,10000,9900,0.0,9980,0,0
166,2010-07-20,1.1900741536010173,13419.0,13420.190074153601,10000,9940,10000,9830,0.0,9940,0,0
167,2010-07-21,1.1900741536010173,13682.25,13683.440074153601,10040,10135,10135,10040,0.0,10135,0,0
168,2010-07-22,1.1900741536010173,13790.25,13791.440074153601,10150,10215,10340,10140,0.0,10215,0,0
169,2010-07-23,1.1900741536010173,13682.25,13683.440074153601,10350,10135,10350,10030,0.0,10135,0,0
170,2010-07-26,1.1900741536010173,13675.5,13676.690074153601,10280,10130,10280,10120,0.0,10130,0,0
171,2010-07-27,1.1900741536010173,13533.75,13534.940074153601,10100,10025,10230,10025,0.0,10025,0,0
172,2010-07-28,1.1900741536010173,13601.25,13602.440074153601,10025,10075,10085,10000,0.0,10075,0,0
173,2010-07-29,1.1900741536010173,13675.5,13676.690074153601,10000,10130,10140,10000,0.0,10130,0,0
174,2010-07-30,1.1900741536010173,13628.25,13629.440074153601,10195,10095,10195,9975,0.0,10095,0,0
175,2010-08-02,1.1900741536010173,13986.000000000002,13987.190074153603,10155,10360,10360,10155,0.0,10360,0,0
176,2010-08-03,1.1900741536010173,14181.750000000002,14182.940074153603,10450,10505,10505,10345,0.0,10505,0,0
177,2010-08-04,1.1900741536010173,14404.500000000002,14405.690074153603,10505,10670,10690,10490,0.0,10670,0,0
178,2010-08-05,1.1900741536010173,14296.500000000002,14297.690074153603,10780,10590,10780,10425,0.0,10590,0,0
179,2010-08-06,1.1900741536010173,14181.750000000002,14182.940074153603,10535,10505,10535,10395,0.0,10505,0,0
180,2010-08-09,1.1900741536010173,14161.500000000002,14162.690074153603,10450,10490,10550,10450,0.0,10490,0,0
181,2010-08-10,1.1900741536010173,14276.250000000002,14277.440074153603,10590,10575,10605,10525,0.0,10575,0,0
182,2010-08-11,1.1900741536010173,14175.000000000002,14176.190074153603,10570,10500,10605,10420,0.0,10500,0,0
183,2010-08-12,1.1900741536010173,13763.25,13764.440074153601,10280,10195,10330,10180,0.0,10195,0,0
184,2010-08-13,1.1900741536010173,14033.250000000002,14034.440074153603,10195,10395,10395,10100,0.0,10395,0,0
185,2010-08-16,1.1900741536010173,14175.000000000002,14176.190074153603,10340,10500,10500,10235,0.0,10500,0,0
186,2010-08-17,1.1900741536010173,14310.000000000002,14311.190074153603,10280,10600,10600,10280,0.0,10600,0,0
187,2010-08-18,1.1900741536010173,14681.250000000002,14682.440074153603,10590,10875,10875,10590,0.0,10875,0,0
188,2010-08-19,1.1900741536010173,14796.000000000002,14797.190074153603,10995,10960,10995,10835,0.0,10960,0,0
189,2010-08-20,1.1900741536010173,14937.750000000002,14938.940074153603,10625,11065,11065,10625,0.0,11065,0,0
190,2010-08-23,1.1900741536010173,14998.500000000002,14999.690074153603,11065,11110,11240,11065,0.0,11110,0,0
191,2010-08-24,1.1900741536010173,14809.500000000002,14810.690074153603,11200,10970,11210,10950,0.0,10970,0,0
192,2010-08-25,1.1900741536010173,14397.750000000002,14398.940074153603,10915,10665,10915,10650,0.0,10665,0,0
193,2010-08-26,1.1900741536010173,14357.250000000002,14358.440074153603,10745,10635,10750,10600,0.0,10635,0,0
194,2010-08-27,1.1900741536010173,14667.750000000002,14668.940074153603,10700,10865,10865,10535,0.0,10865,0,0
195,2010-08-30,1.1900741536010173,14850.000000000002,14851.190074153603,10975,11000,11030,10925,0.0,11000,0,0
196,2010-08-31,1.1900741536010173,14978.250000000002,14979.440074153603,10995,11095,11110,10905,0.0,11095,0,0
197,2010-09-01,1.1900741536010173,15214.500000000002,15215.690074153603,11095,11270,11300,11095,0.0,11270,0,0
198,2010-09-02,1.1900741536010173,15417.000000000002,15418.190074153603,11370,11420,11420,11270,0.0,11420,0,0
199,2010-09-03,1.1900741536010173,15194.250000000002,15195.440074153603,11530,11255,11530,11200,0.0,11255,0,0
200,2010-09-06,1.1900741536010173,15167.250000000002,15168.440074153603,11440,11235,11440,11070,0.0,11235,0,0
201,2010-09-07,1.1900741536010173,14991.750000000002,14992.940074153603,11335,11105,11335,11010,0.0,11105,0,0
202,2010-09-08,1.1900741536010173,14755.500000000002,14756.690074153603,11100,10930,11100,10865,0.0,10930,0,0
203,2010-09-09,1.1900741536010173,15059.250000000002,15060.440074153603,11415,11155,11415,11015,0.0,11155,0,0
204,2010-09-10,1.1900741536010173,15666.750000000002,15667.940074153603,11270,11605,11605,11270,0.0,11605,0,0
205,2010-09-13,1.1900741536010173,15477.750000000002,15478.940074153603,11605,11465,11725,11430,0.0,11465,0,0
206,2010-09-14,1.1900741536010173,15444.000000000002,15445.190074153603,11605,11440,11650,11295,0.0,11440,0,0
207,2010-09-15,1.1900741536010173,15471.000000000002,15472.190074153603,11500,11460,11570,11380,0.0,11460,0,0
208,2010-09-16,1.1900741536010173,15180.750000000002,15181.940074153603,11465,11245,11560,11220,0.0,11245,0,0
209,2010-09-17,1.1900741536010173,15241.500000000002,15242.690074153603,11245,11290,11290,11125,0.0,11290,0,0
210,2010-09-20,1.1900741536010173,15376.500000000002,15377.690074153603,11390,11390,11390,11200,0.0,11390,0,0
211,2010-09-24,1.1900741536010173,15302.250000000002,15303.440074153603,11500,11335,11500,11300,0.0,11335,0,0
212,2010-09-27,1.1900741536010173,15457.500000000002,15458.690074153603,11475,11450,11475,11385,0.0,11450,0,0
213,2010-09-28,1.1900741536010173,15633.000000000002,15634.190074153603,11565,11580,11595,11460,0.0,11580,0,0
214,2010-09-29,1.1900741536010173,15768.000000000002,15769.190074153603,11650,11680,11770,11585,0.0,11680,0,0
215,2010-09-30,1.1900741536010173,15619.500000000002,15620.690074153603,11800,11570,11800,11525,0.0,11570,0,0
216,2010-10-01,1.1900741536010173,15484.500000000002,15485.690074153603,11705,11470,11720,11445,0.0,11470,0,0
217,2010-10-04,1.1900741536010173,15390.000000000002,15391.190074153603,11635,11400,11635,11360,0.0,11400,0,0
218,2010-10-05,1.1900741536010173,14870.250000000002,14871.440074153603,11290,11015,11350,10980,0.0,11015,0,0
219,2010-10-06,1.1900741536010173,15268.500000000002,15269.690074153603,11290,11310,11350,11185,0.0,11310,0,0
220,2010-10-07,1.1900741536010173,15363.000000000002,15364.190074153603,11350,11380,11490,11305,0.0,11380,0,0
221,2010-10-08,1.1900741536010173,15396.750000000002,15397.940074153603,11380,11405,11490,11365,0.0,11405,0,0
222,2010-10-11,15377.130431059602,0.0,15377.130431059602,11390,11290,11455,11215,-1.0,11290,0,0
223,2010-10-12,15377.130431059602,0.0,15377.130431059602,11295,11085,11295,10985,0.0,11085,0,0
224,2010-10-13,15377.130431059602,0.0,15377.130431059602,11150,11215,11215,11030,0.0,11215,0,0
225,2010-10-14,64.57043105960292,15312.0,15376.570431059603,11300,11600,11600,11300,1.0,11600,0,0
226,2010-10-15,64.57043105960292,15470.400000000001,15534.970431059604,11650,11720,11750,11580,0.0,11720,0,0
227,2010-10-18,64.57043105960292,15206.400000000001,15270.970431059604,11760,11520,11760,11485,0.0,11520,0,0
228,2010-10-19,64.57043105960292,15008.400000000001,15072.970431059604,11550,11370,11550,11360,0.0,11370,0,0
229,2010-10-20,64.57043105960292,15114.0,15178.570431059603,11150,11450,11450,11110,0.0,11450,0,0
230,2010-10-21,64.57043105960292,15193.2,15257.770431059604,11565,11510,11565,11385,0.0,11510,0,0
231,2010-10-22,64.57043105960292,15642.0,15706.570431059603,11600,11850,11850,11600,0.0,11850,0,0
232,2010-10-25,64.57043105960292,15879.6,15944.170431059603,12000,12030,12030,11870,0.0,12030,0,0
233,2010-10-26,64.57043105960292,16011.6,16076.170431059603,12030,12130,12130,11970,0.0,12130,0,0
234,2010-10-27,64.57043105960292,16057.800000000001,16122.370431059604,12080,12165,12295,12030,0.0,12165,0,0
235,2010-10-28,64.57043105960292,16057.800000000001,16122.370431059604,12100,12165,12200,12050,0.0,12165,0,0
236,2010-10-29,64.57043105960292,15767.400000000001,15831.970431059604,12200,11945,12290,11830,0.0,11945,0,0
237,2010-11-01,64.57043105960292,16249.2,16313.770431059604,11825,12310,12330,11750,0.0,12310,0,0
238,2010-11-02,64.57043105960292,16645.2,16709.770431059602,12395,12610,12610,12325,0.0,12610,0,0
239,2010-11-03,64.57043105960292,16929.0,16993.570431059605,12740,12825,12855,12650,0.0,12825,0,0
240,2010-11-04,64.57043105960292,16922.4,16986.970431059606,12760,12820,12865,12690,0.0,12820,0,0
241,2010-11-05,64.57043105960292,16724.4,16788.970431059606,12950,12670,12950,12670,0.0,12670,0,0
242,2010-11-08,64.57043105960292,16896.0,16960.570431059605,12760,12800,12800,12605,0.0,12800,0,0
243,2010-11-09,64.57043105960292,17054.4,17118.970431059606,12900,12920,12920,12705,0.0,12920,0,0
244,2010-11-10,64.57043105960292,17272.2,17336.770431059602,12920,13085,13135,12920,0.0,13085,0,0
245,2010-11-11,64.57043105960292,17259.0,17323.570431059605,13200,13075,13200,13020,0.0,13075,0,0
246,2010-11-12,64.57043105960292,16744.2,16808.770431059602,13080,12685,13080,12530,0.0,12685,0,0
247,2010-11-15,64.57043105960292,16599.0,16663.570431059605,12620,12575,12685,12240,0.0,12575,0,0
248,2010-11-16,64.57043105960292,16592.4,16656.970431059606,12760,12570,12760,12385,0.0,12570,0,0
249,2010-11-17,64.57043105960292,16592.4,16656.970431059606,12505,12570,12695,12380,0.0,12570,0,0
250,2010-11-18,64.57043105960292,17047.8,17112.3704310596,12610,12915,12940,12610,0.0,12915,0,0
251,2010-11-19,64.57043105960292,17166.600000000002,17231.170431059603,12995,13005,13045,12910,0.0,13005,0,0
252,2010-11-22,64.57043105960292,16922.4,16986.970431059606,13135,12820,13135,12725,0.0,12820,0,0
253,2010-11-23,64.57043105960292,16777.2,16841.770431059602,12820,12710,12840,12560,0.0,12710,0,0
254,2010-11-24,64.57043105960292,16691.4,16755.970431059606,12515,12645,12650,12450,0.0,12645,0,0
255,2010-11-25,64.57043105960292,16757.4,16821.970431059606,12655,12695,12745,12620,0.0,12695,0,0
256,2010-11-26,64.57043105960292,16480.2,16544.770431059602,12630,12485,12800,12400,0.0,12485,0,0
257,2010-11-29,16814.760768942804,0.0,16814.760768942804,12690,12390,12690,12215,-1.0,12390,0,0
258,2010-11-30,16814.760768942804,0.0,16814.760768942804,12375,12685,12690,12375,0.0,12685,0,0
259,2010-12-01,50.60076894280428,16763.55,16814.150768942804,12620,12995,13070,12615,1.0,12995,0,0
260,2010-12-02,50.60076894280428,16879.65,16930.250768942806,12995,13085,13110,12955,0.0,13085,0,0
261,2010-12-03,50.60076894280428,16860.3,16910.900768942804,13055,13070,13100,12890,0.0,13070,0,0
262,2010-12-06,50.60076894280428,16705.5,16756.100768942804,13070,12950,13115,12910,0.0,12950,0,0
263,2010-12-07,50.60076894280428,16641.0,16691.600768942804,13000,12900,13000,12750,0.0,12900,0,0
264,2010-12-08,50.60076894280428,16660.350000000002,16710.950768942806,12925,12915,13000,12840,0.0,12915,0,0
265,2010-12-09,50.60076894280428,16711.95,16762.550768942805,12980,12955,13000,12905,0.0,12955,0,0
266,2010-12-10,50.60076894280428,16795.8,16846.400768942804,13000,13020,13070,12925,0.0,13020,0,0
267,2010-12-13,50.60076894280428,16673.25,16723.850768942804,13100,12925,13100,12850,0.0,12925,0,0
268,2010-12-14,50.60076894280428,16750.65,16801.250768942806,12920,12985,12985,12805,0.0,12985,0,0
269,2010-12-15,50.60076894280428,17079.600000000002,17130.200768942806,12985,13240,13240,12985,0.0,13240,0,0
270,2010-12-16,50.60076894280428,17047.350000000002,17097.950768942806,13360,13215,13360,13120,0.0,13215,0,0
271,2010-12-17,50.60076894280428,17028.0,17078.600768942804,13145,13200,13260,13090,0.0,13200,0,0
272,2010-12-20,50.60076894280428,16911.9,16962.500768942806,12980,13110,13120,12900,0.0,13110,0,0
273,2010-12-21,50.60076894280428,17369.850000000002,17420.450768942806,13200,13465,13510,13200,0.0,13465,0,0
274,2010-12-22,50.60076894280428,17215.05,17265.650768942804,13600,13345,13600,13305,0.0,13345,0,0
275,2010-12-23,50.60076894280428,17176.350000000002,17226.950768942806,13330,13315,13440,13240,0.0,13315,0,0
276,2010-12-24,50.60076894280428,17273.100000000002,17323.700768942806,13400,13390,13530,13325,0.0,13390,0,0
277,2010-12-27,50.60076894280428,17105.4,17156.000768942806,13500,13260,13500,13230,0.0,13260,0,0
278,2010-12-28,50.60076894280428,17092.5,17143.100768942804,13200,13250,13355,13200,0.0,13250,0,0
279,2010-12-29,50.60076894280428,17505.3,17555.900768942804,13390,13570,13615,13385,0.0,13570,0,0
280,2010-12-30,50.60076894280428,17608.5,17659.100768942804,13620,13650,13680,13505,0.0,13650,0,0
281,2011-01-03,50.60076894280428,17679.45,17730.050768942805,13790,13705,13790,13630,0.0,13705,0,0
282,2011-01-04,50.60076894280428,17827.8,17878.400768942804,13750,13820,13855,13670,0.0,13820,0,0
283,2011-01-05,50.60076894280428,18060.0,18110.600768942804,13950,14000,14000,13735,0.0,14000,0,0
284,2011-01-06,50.60076894280428,18227.7,18278.300768942805,14005,14130,14160,13960,0.0,14130,0,0
285,2011-01-07,50.60076894280428,18240.600000000002,18291.200768942806,14130,14140,14170,14080,0.0,14140,0,0
286,2011-01-10,50.60076894280428,18150.3,18200.900768942804,14140,14070,14210,14020,0.0,14070,0,0
287,2011-01-11,50.60076894280428,18376.05,18426.650768942804,14190,14245,14245,14030,0.0,14245,0,0
288,2011-01-12,50.60076894280428,18814.65,18865.250768942806,14255,14585,14585,14255,0.0,14585,0,0
289,2011-01-13,50.60076894280428,18627.600000000002,18678.200768942806,14850,14440,14870,14430,0.0,14440,0,0
290,2011-01-14,50.60076894280428,18659.850000000002,18710.450768942806,14550,14465,14550,14160,0.0,14465,0,0
291,2011-01-17,50.60076894280428,18292.2,18342.800768942805,14380,14180,14380,14170,0.0,14180,0,0
292,2011-01-18,50.60076894280428,18543.75,18594.350768942804,14180,14375,14415,14070,0.0,14375,0,0
293,2011-01-19,50.60076894280428,18492.15,18542.750768942806,14375,14335,14375,14200,0.0,14335,0,0
294,2011-01-20,50.60076894280428,18569.55,18620.150768942804,14415,14395,14560,14335,0.0,14395,0,0
295,2011-01-21,50.60076894280428,18253.5,18304.100768942804,14260,14150,14370,14085,0.0,14150,0,0
296,2011-01-24,50.60076894280428,18640.5,18691.100768942804,14150,14450,14450,14105,0.0,14450,0,0
297,2011-01-25,50.60076894280428,18801.75,18852.350768942804,14375,14575,14670,14375,0.0,14575,0,0
298,2011-01-26,50.60076894280428,18969.45,19020.050768942805,14575,14705,14730,14575,0.0,14705,0,0
299,2011-01-27,50.60076894280428,19530.600000000002,19581.200768942806,14800,15140,15200,14620,0.0,15140,0,0
300,2011-01-28,50.60076894280428,19762.8,19813.400768942804,15295,15320,15320,15060,0.0,15320,0,0
301,2011-01-31,50.60076894280428,19924.05,19974.650768942804,15370,15445,15640,14570,0.0,15445,0,0
302,2011-02-01,50.60076894280428,19472.55,19523.150768942804,15660,15095,15800,15020,0.0,15095,0,0
303,2011-02-07,50.60076894280428,19298.4,19349.000768942806,15420,14960,15420,14960,0.0,14960,0,0
304,2011-02-08,50.60076894280428,19433.850000000002,19484.450768942806,15050,15065,15090,14840,0.0,15065,0,0
305,2011-02-09,50.60076894280428,18975.9,19026.500768942806,15070,14710,15070,14515,0.0,14710,0,0
306,2011-02-10,50.60076894280428,18492.15,18542.750768942806,14710,14335,14750,14310,0.0,14335,0,0
307,2011-02-11,18606.575381109404,0.0,18606.575381109404,14385,14025,14530,12240,-1.0,14025,0,0
308,2011-02-14,18606.575381109404,0.0,18606.575381109404,14080,14325,14325,14010,0.0,14325,0,0
309,2011-02-15,18606.575381109404,0.0,18606.575381109404,14460,14515,14615,14250,0.0,14515,0,0
310,2011-02-16,18606.575381109404,0.0,18606.575381109404,14595,14090,14600,14090,0.0,14090,0,0
311,2011-02-17,18606.575381109404,0.0,18606.575381109404,14200,13925,14300,13745,0.0,13925,0,0
312,2011-02-18,18606.575381109404,0.0,18606.575381109404,14100,14400,14450,13845,0.0,14400,0,0
313,2011-02-21,18606.575381109404,0.0,18606.575381109404,14545,14705,14715,14450,0.0,14705,0,0
314,2011-02-22,18606.575381109404,0.0,18606.575381109404,14715,14370,14715,14300,0.0,14370,0,0
315,2011-02-23,18606.575381109404,0.0,18606.575381109404,14370,14360,14505,14230,0.0,14360,0,0
316,2011-02-24,18606.575381109404,0.0,18606.575381109404,14160,13940,14755,13870,0.0,13940,0,0
317,2011-02-25,18606.575381109404,0.0,18606.575381109404,13730,14065,14170,13730,0.0,14065,0,0
318,2011-02-28,18606.575381109404,0.0,18606.575381109404,14065,13810,14065,13750,0.0,13810,0,0
319,2011-03-02,18606.575381109404,0.0,18606.575381109404,13710,13780,13905,13700,0.0,13780,0,0
320,2011-03-03,18606.575381109404,0.0,18606.575381109404,13785,14295,14315,13785,0.0,14295,0,0
321,2011-03-04,18606.575381109404,0.0,18606.575381109404,14400,14550,14590,14260,0.0,14550,0,0
322,2011-03-07,18606.575381109404,0.0,18606.575381109404,14750,14610,14750,14445,0.0,14610,0,0
323,2011-03-08,1.995381109401933,18603.9,18605.895381109403,14580,14765,14800,14535,1.0,14765,0,0
324,2011-03-09,1.995381109401933,18736.2,18738.195381109403,14730,14870,14880,14685,0.0,14870,0,0
325,2011-03-10,1.995381109401933,18963.0,18964.995381109402,14895,15050,15150,14890,0.0,15050,0,0
326,2011-03-11,1.995381109401933,18704.7,18706.695381109403,15120,14845,15120,14590,0.0,14845,0,0
327,2011-03-14,1.995381109401933,19586.7,19588.695381109403,15500,15545,15550,15005,0.0,15545,0,0
328,2011-03-15,1.995381109401933,19593.0,19594.995381109402,15695,15550,15790,14970,0.0,15550,0,0
329,2011-03-16,1.995381109401933,19586.7,19588.695381109403,15550,15545,15795,15440,0.0,15545,0,0
330,2011-03-17,1.995381109401933,19819.8,19821.7953811094,15060,15730,15790,15060,0.0,15730,0,0
331,2011-03-18,1.995381109401933,20034.0,20035.995381109402,15750,15900,16035,15735,0.0,15900,0,0
332,2011-03-21,1.995381109401933,20191.5,20193.495381109402,16060,16025,16090,15765,0.0,16025,0,0
333,2011-03-22,1.995381109401933,20840.4,20842.395381109403,16495,16540,16685,16090,0.0,16540,0,0
334,2011-03-23,1.995381109401933,20430.9,20432.895381109403,16540,16215,16835,16100,0.0,16215,0,0
335,2011-03-24,1.995381109401933,20846.7,20848.695381109403,16305,16545,16550,16225,0.0,16545,0,0
336,2011-03-25,1.995381109401933,20853.0,20854.995381109402,16650,16550,16800,16500,0.0,16550,0,0
337,2011-03-28,1.995381109401933,21092.4,21094.395381109403,16600,16740,16740,16415,0.0,16740,0,0
338,2011-03-29,1.995381109401933,21564.9,21566.895381109403,16745,17115,17115,16740,0.0,17115,0,0
339,2011-03-30,1.995381109401933,21287.7,21289.695381109403,17250,16895,17490,16865,0.0,16895,0,0
340,2011-03-31,1.995381109401933,21350.7,21352.695381109403,16895,16945,16950,16650,0.0,16945,0,0
341,2011-04-01,1.995381109401933,21344.4,21346.395381109403,16995,16940,17050,16900,0.0,16940,0,0
342,2011-04-04,1.995381109401933,20601.0,20602.995381109402,16800,16350,16800,16260,0.0,16350,0,0
343,2011-04-05,1.995381109401933,21130.2,21132.195381109403,16130,16770,16805,16130,0.0,16770,0,0
344,2011-04-06,1.995381109401933,21457.8,21459.7953811094,16750,17030,17245,16750,0.0,17030,0,0
345,2011-04-07,1.995381109401933,21590.1,21592.0953811094,17070,17135,17280,16950,0.0,17135,0,0
346,2011-04-08,1.995381109401933,21690.9,21692.895381109403,17130,17215,17285,17010,0.0,17215,0,0
347,2011-04-11,1.995381109401933,21848.4,21850.395381109403,17205,17340,17390,17205,0.0,17340,0,0
348,2011-04-12,1.995381109401933,21388.5,21390.495381109402,17340,16975,17350,16860,0.0,16975,0,0
349,2011-04-13,1.995381109401933,21571.2,21573.195381109403,16820,17120,17250,16710,0.0,17120,0,0
350,2011-04-14,1.995381109401933,21848.4,21850.395381109403,17125,17340,17375,17030,0.0,17340,0,0
351,2011-04-15,1.995381109401933,22081.5,22083.495381109402,17355,17525,17540,17330,0.0,17525,0,0
352,2011-04-18,1.995381109401933,22806.0,22807.995381109402,17660,18100,18150,17550,0.0,18100,0,0
353,2011-04-19,1.995381109401933,22491.0,22492.995381109402,17720,17850,18110,17685,0.0,17850,0,0
354,2011-04-20,1.995381109401933,23171.4,23173.395381109403,18200,18390,18480,18140,0.0,18390,0,0
355,2011-04-21,1.995381109401933,24544.8,24546.7953811094,18650,19480,19560,18530,0.0,19480,0,0
356,2011-04-22,1.995381109401933,24456.6,24458.5953811094,19600,19410,20100,19380,0.0,19410,0,0
357,2011-04-25,1.995381109401933,24866.1,24868.0953811094,19500,19735,19735,19245,0.0,19735,0,0
358,2011-04-26,1.995381109401933,24639.3,24641.2953811094,19960,19555,20000,19440,0.0,19555,0,0
359,2011-04-27,1.995381109401933,23877.0,23878.995381109402,19830,18950,19850,18700,0.0,18950,0,0
360,2011-04-28,1.995381109401933,23940.0,23941.995381109402,18890,19000,19130,18660,0.0,19000,0,0
361,2011-04-29,1.995381109401933,23177.7,23179.695381109403,19100,18395,19270,18145,0.0,18395,0,0
362,2011-05-02,1.995381109401933,23322.6,23324.5953811094,18375,18510,18590,18320,0.0,18510,0,0
363,2011-05-03,1.995381109401933,22478.4,22480.395381109403,18560,17840,18560,17685,0.0,17840,0,0
364,2011-05-04,1.995381109401933,22478.4,22480.395381109403,17950,17840,17950,17475,0.0,17840,0,0
365,2011-05-06,22025.9937664886,0.0,22025.9937664886,17480,17350,17480,16745,-1.0,17350,0,0
366,2011-05-09,22025.9937664886,0.0,22025.9937664886,17300,17415,17700,17265,0.0,17415,0,0
367,2011-05-11,22025.9937664886,0.0,22025.9937664886,17710,17840,17980,17620,0.0,17840,0,0
368,2011-05-12,22025.9937664886,0.0,22025.9937664886,17570,17250,17570,17220,0.0,17250,0,0
369,2011-05-13,22025.9937664886,0.0,22025.9937664886,17250,17075,17350,16675,0.0,17075,0,0
370,2011-05-16,22025.9937664886,0.0,22025.9937664886,17075,17135,17350,16875,0.0,17135,0,0
371,2011-05-17,22025.9937664886,0.0,22025.9937664886,17270,17310,17310,17000,0.0,17310,0,0
372,2011-05-18,22025.9937664886,0.0,22025.9937664886,17315,17850,17940,17310,0.0,17850,0,0
373,2011-05-19,22025.9937664886,0.0,22025.9937664886,17950,17505,18150,17505,0.0,17505,0,0
374,2011-05-20,22025.9937664886,0.0,22025.9937664886,17600,17510,17705,16900,0.0,17510,0,0
375,2011-05-23,22025.9937664886,0.0,22025.9937664886,17500,16800,17500,16770,0.0,16800,0,0
376,2011-05-24,22025.9937664886,0.0,22025.9937664886,16380,16950,17000,16380,0.0,16950,0,0
377,2011-05-25,22025.9937664886,0.0,22025.9937664886,17100,16530,17230,16460,0.0,16530,0,0
378,2011-05-26,22025.9937664886,0.0,22025.9937664886,16800,17355,17365,16555,0.0,17355,0,0
379,2011-05-27,22025.9937664886,0.0,22025.9937664886,17360,17200,17425,17080,0.0,17200,0,0
380,2011-05-30,22025.9937664886,0.0,22025.9937664886,17200,17420,17530,17200,0.0,17420,0,0
381,2011-05-31,22025.9937664886,0.0,22025.9937664886,17425,18205,18295,17425,0.0,18205,0,0
382,2011-06-01,131.19376648859907,21894.0,22025.1937664886,18210,18245,18855,18020,1.0,18245,0,0
383,2011-06-02,131.19376648859907,21564.0,21695.1937664886,17995,17970,18080,17600,0.0,17970,0,0
384,2011-06-03,131.19376648859907,21000.0,21131.1937664886,17970,17500,18215,17460,0.0,17500,0,0
385,2011-06-07,21022.433381256596,0.0,21022.433381256596,17410,16885,17410,16745,-1.0,16885,0,0
386,2011-06-08,21022.433381256596,0.0,21022.433381256596,16950,16920,16960,16570,0.0,16920,0,0
387,2011-06-09,21022.433381256596,0.0,21022.433381256596,16880,17180,17200,16880,0.0,17180,0,0
388,2011-06-10,21022.433381256596,0.0,21022.433381256596,17225,16880,17460,16880,0.0,16880,0,0
389,2011-06-13,21022.433381256596,0.0,21022.433381256596,16795,16735,16965,16455,0.0,16735,0,0
390,2011-06-14,21022.433381256596,0.0,21022.433381256596,16535,17340,17350,16535,0.0,17340,0,0
391,2011-06-15,21022.433381256596,0.0,21022.433381256596,17410,17505,17600,17205,0.0,17505,0,0
392,2011-06-16,21022.433381256596,0.0,21022.433381256596,17400,16980,17400,16980,0.0,16980,0,0
393,2011-06-17,21022.433381256596,0.0,21022.433381256596,17020,17030,17240,16725,0.0,17030,0,0
394,2011-06-20,21022.433381256596,0.0,21022.433381256596,16940,16480,17100,16480,0.0,16480,0,0
395,2011-06-21,21022.433381256596,0.0,21022.433381256596,16550,16460,16715,15985,0.0,16460,0,0
396,2011-06-22,21022.433381256596,0.0,21022.433381256596,16600,16725,17000,16600,0.0,16725,0,0
397,2011-06-23,21022.433381256596,0.0,21022.433381256596,16640,16545,16880,16500,0.0,16545,0,0
398,2011-06-24,21022.433381256596,0.0,21022.433381256596,16510,16330,16510,15935,0.0,16330,0,0
399,2011-06-27,21022.433381256596,0.0,21022.433381256596,16245,16300,16340,16085,0.0,16300,0,0
400,2011-06-28,21022.433381256596,0.0,21022.433381256596,16340,16215,16610,16215,0.0,16215,0,0
401,2011-06-29,21022.433381256596,0.0,21022.433381256596,16400,16705,16705,16400,0.0,16705,0,0
402,2011-06-30,21022.433381256596,0.0,21022.433381256596,16795,16745,16835,16640,0.0,16745,0,0
403,2011-07-01,21022.433381256596,0.0,21022.433381256596,16805,17010,17120,16805,0.0,17010,0,0
404,2011-07-04,21022.433381256596,0.0,21022.433381256596,17150,17070,17200,16980,0.0,17070,0,0
405,2011-07-05,13.273381256596622,21008.4,21021.673381256598,17070,17080,17175,16995,1.0,17080,0,0
406,2011-07-06,13.273381256596622,21112.95,21126.223381256597,17090,17165,17200,16980,0.0,17165,0,0
407,2011-07-07,13.273381256596622,21525.0,21538.273381256597,17165,17500,17520,17100,0.0,17500,0,0
408,2011-07-08,13.273381256596622,21648.0,21661.273381256597,17580,17600,17785,17500,0.0,17600,0,0
409,2011-07-11,13.273381256596622,21358.95,21372.223381256597,17520,17365,17600,17285,0.0,17365,0,0
410,2011-07-12,13.273381256596622,20793.15,20806.423381256598,16970,16905,17150,16820,0.0,16905,0,0
411,2011-07-13,13.273381256596622,21229.8,21243.073381256596,16920,17260,17280,16905,0.0,17260,0,0
412,2011-07-14,13.273381256596622,21346.65,21359.923381256598,17230,17355,17380,16955,0.0,17355,0,0
413,2011-07-15,13.273381256596622,21463.5,21476.773381256597,17265,17450,17450,17245,0.0,17450,0,0
414,2011-07-18,13.273381256596622,21463.5,21476.773381256597,17450,17450,17500,17270,0.0,17450,0,0
415,2011-07-19,13.273381256596622,20928.45,20941.723381256597,17435,17015,17435,16920,0.0,17015,0,0
416,2011-07-20,13.273381256596622,20811.6,20824.873381256595,17050,16920,17185,16745,0.0,16920,0,0
417,2011-07-21,20578.124875678994,0.0,20578.124875678994,16720,16870,16950,16700,-1.0,16870,0,0
418,2011-07-22,49.8748756789937,20527.5,20577.374875678994,17050,17250,17250,16900,1.0,17250,0,0
419,2011-07-25,20469.53165480059,0.0,20469.53165480059,17160,16990,17250,16970,-1.0,16990,0,0
420,2011-07-26,37.09165480059164,20431.7,20468.791654800592,16990,17315,17315,16990,1.0,17315,0,0
421,2011-07-27,37.09165480059164,20714.899999999998,20751.99165480059,17130,17555,17555,17130,0.0,17555,0,0
422,2011-07-28,37.09165480059164,20691.3,20728.39165480059,17350,17535,17620,17300,0.0,17535,0,0
423,2011-07-29,37.09165480059164,20319.6,20356.69165480059,17690,17220,17690,17110,0.0,17220,0,0
424,2011-08-01,37.09165480059164,20815.199999999997,20852.29165480059,17650,17640,17745,17430,0.0,17640,0,0
425,2011-08-02,37.09165480059164,20390.399999999998,20427.49165480059,17310,17280,17850,17100,0.0,17280,0,0
426,2011-08-03,37.09165480059164,19824.0,19861.09165480059,17150,16800,17150,16605,0.0,16800,0,0
427,2011-08-04,19801.37228786059,0.0,19801.37228786059,16750,15705,16760,15670,-1.0,15705,0,0
428,2011-08-05,19801.37228786059,0.0,19801.37228786059,14760,14830,15140,14430,0.0,14830,0,0
429,2011-08-08,19801.37228786059,0.0,19801.37228786059,14210,14355,14830,13265,0.0,14355,0,0
430,2011-08-09,19801.37228786059,0.0,19801.37228786059,13700,14150,14225,12205,0.0,14150,0,0
431,2011-08-10,19801.37228786059,0.0,19801.37228786059,15050,13700,15250,13700,0.0,13700,0,0
432,2011-08-11,19801.37228786059,0.0,19801.37228786059,13500,13765,13875,12570,0.0,13765,0,0
433,2011-08-12,19801.37228786059,0.0,19801.37228786059,14040,13085,14110,13085,0.0,13085,0,0
434,2011-08-16,19801.37228786059,0.0,19801.37228786059,13500,13950,13990,13500,0.0,13950,0,0
435,2011-08-17,19801.37228786059,0.0,19801.37228786059,14000,14100,14150,13900,0.0,14100,0,0
436,2011-08-18,19801.37228786059,0.0,19801.37228786059,14100,13725,14340,13500,0.0,13725,0,0
437,2011-08-19,19801.37228786059,0.0,19801.37228786059,13380,12005,13380,12005,0.0,12005,0,0
438,2011-08-22,19801.37228786059,0.0,19801.37228786059,12005,11400,12200,11355,0.0,11400,0,0
439,2011-08-23,19801.37228786059,0.0,19801.37228786059,11410,12440,12540,11400,0.0,12440,0,0
440,2011-08-24,19801.37228786059,0.0,19801.37228786059,12565,12450,12980,12250,0.0,12450,0,0
441,2011-08-25,19801.37228786059,0.0,19801.37228786059,12700,12440,12890,12380,0.0,12440,0,0
442,2011-08-26,19801.37228786059,0.0,19801.37228786059,12400,12845,12845,12380,0.0,12845,0,0
443,2011-08-29,19801.37228786059,0.0,19801.37228786059,13195,13675,13700,13070,0.0,13675,0,0
444,2011-08-30,19801.37228786059,0.0,19801.37228786059,13815,13560,14020,13400,0.0,13560,0,0
445,2011-08-31,19801.37228786059,0.0,19801.37228786059,13660,13710,13760,13360,0.0,13710,0,0
446,2011-09-01,19801.37228786059,0.0,19801.37228786059,13710,13770,14200,13650,0.0,13770,0,0
447,2011-09-02,19801.37228786059,0.0,19801.37228786059,13735,13470,13740,13360,0.0,13470,0,0
448,2011-09-05,19801.37228786059,0.0,19801.37228786059,12960,12375,13140,12345,0.0,12375,0,0
449,2011-09-06,19801.37228786059,0.0,19801.37228786059,12300,12275,12470,11720,0.0,12275,0,0
450,2011-09-07,19801.37228786059,0.0,19801.37228786059,12450,12800,12800,12450,0.0,12800,0,0
451,2011-09-08,19801.37228786059,0.0,19801.37228786059,12925,12800,13045,12750,0.0,12800,0,0
452,2011-09-09,19801.37228786059,0.0,19801.37228786059,12735,12770,12995,12605,0.0,12770,0,0
453,2011-09-14,19801.37228786059,0.0,19801.37228786059,12580,12140,12795,12140,0.0,12140,0,0
454,2011-09-15,19801.37228786059,0.0,19801.37228786059,12400,12350,12640,12075,0.0,12350,0,0
455,2011-09-16,19801.37228786059,0.0,19801.37228786059,12590,12950,12950,12590,0.0,12950,0,0
456,2011-09-19,19801.37228786059,0.0,19801.37228786059,12770,12720,13005,12710,0.0,12720,0,0
457,2011-09-20,19801.37228786059,0.0,19801.37228786059,12655,12700,12760,12350,0.0,12700,0,0
458,2011-09-21,19801.37228786059,0.0,19801.37228786059,12660,13075,13120,12660,0.0,13075,0,0
459,2011-09-22,19801.37228786059,0.0,19801.37228786059,12775,12485,12790,12400,0.0,12485,0,0
460,2011-09-23,19801.37228786059,0.0,19801.37228786059,12045,11605,12045,11595,0.0,11605,0,0
461,2011-09-26,19801.37228786059,0.0,19801.37228786059,11745,10640,11860,10455,0.0,10640,0,0
462,2011-09-27,19801.37228786059,0.0,19801.37228786059,11050,11280,11280,10935,0.0,11280,0,0
463,2011-09-28,19801.37228786059,0.0,19801.37228786059,11395,11165,11620,11165,0.0,11165,0,0
464,2011-09-29,19801.37228786059,0.0,19801.37228786059,11070,11400,11400,10700,0.0,11400,0,0
465,2011-09-30,19801.37228786059,0.0,19801.37228786059,11370,11355,11515,11035,0.0,11355,0,0
466,2011-10-04,19801.37228786059,0.0,19801.37228786059,11070,10295,11070,10100,0.0,10295,0,0
467,2011-10-05,19801.37228786059,0.0,19801.37228786059,10485,9800,10485,9610,0.0,9800,0,0
468,2011-10-06,19801.37228786059,0.0,19801.37228786059,10175,10335,10595,10150,0.0,10335,0,0
469,2011-10-07,19801.37228786059,0.0,19801.37228786059,10580,11125,11220,10580,0.0,11125,0,0
470,2011-10-10,19801.37228786059,0.0,19801.37228786059,11070,11210,11400,11065,0.0,11210,0,0
471,2011-10-11,19801.37228786059,0.0,19801.37228786059,11700,11550,11800,11550,0.0,11550,0,0
472,2011-10-12,19801.37228786059,0.0,19801.37228786059,11550,11645,11670,11375,0.0,11645,0,0
473,2011-10-13,19801.37228786059,0.0,19801.37228786059,11770,11875,12045,11770,0.0,11875,0,0
474,2011-10-14,19801.37228786059,0.0,19801.37228786059,12000,11810,12000,11415,0.0,11810,0,0
475,2011-10-17,13.752287860592332,19786.9,19800.652287860594,12010,12290,12340,12010,1.0,12290,0,0
476,2011-10-18,13.752287860592332,19803.0,19816.752287860592,12095,12300,13000,11930,0.0,12300,0,0
477,2011-10-19,13.752287860592332,19811.050000000003,19824.802287860595,12425,12305,12600,12070,0.0,12305,0,0
478,2011-10-20,13.752287860592332,18402.300000000003,18416.052287860595,12250,11430,12380,11430,0.0,11430,0,0
479,2011-10-21,13.752287860592332,19320.0,19333.752287860592,11795,12000,12000,11600,0.0,12000,0,0
480,2011-10-24,13.752287860592332,20141.100000000002,20154.852287860595,12175,12510,12510,12170,0.0,12510,0,0
481,2011-10-25,13.752287860592332,19803.0,19816.752287860592,12500,12300,12635,12270,0.0,12300,0,0
482,2011-10-26,13.752287860592332,20294.050000000003,20307.802287860595,12165,12605,12610,12010,0.0,12605,0,0
483,2011-10-27,13.752287860592332,21091.0,21104.752287860592,12680,13100,13100,12630,0.0,13100,0,0
484,2011-10-28,13.752287860592332,21107.100000000002,21120.852287860595,13480,13110,13650,13110,0.0,13110,0,0
485,2011-10-31,13.752287860592332,20704.600000000002,20718.352287860595,13245,12860,13290,12800,0.0,12860,0,0
486,2011-11-01,13.752287860592332,20471.15,20484.902287860594,12560,12715,13000,12560,0.0,12715,0,0
487,2011-11-02,13.752287860592332,20286.0,20299.752287860592,12400,12600,12670,12240,0.0,12600,0,0
488,2011-11-03,13.752287860592332,19778.850000000002,19792.602287860595,12760,12285,12760,12285,0.0,12285,0,0
489,2011-11-04,13.752287860592332,21115.15,21128.902287860594,12570,13115,13115,12570,0.0,13115,0,0
490,2011-11-07,13.752287860592332,20986.350000000002,21000.102287860595,13120,13035,13260,12900,0.0,13035,0,0
491,2011-11-08,13.752287860592332,20962.2,20975.952287860593,13195,13020,13230,13000,0.0,13020,0,0
492,2011-11-09,13.752287860592332,21010.5,21024.252287860592,13290,13050,13350,12945,0.0,13050,0,0
493,2011-11-10,13.752287860592332,19851.300000000003,19865.052287860595,12590,12330,12655,12330,0.0,12330,0,0
494,2011-11-11,13.752287860592332,20447.0,20460.752287860592,12410,12700,12730,12380,0.0,12700,0,0
495,2011-11-14,13.752287860592332,21155.4,21169.152287860594,12955,13140,13170,12850,0.0,13140,0,0
496,2011-11-15,13.752287860592332,20857.550000000003,20871.302287860595,13070,12955,13155,12780,0.0,12955,0,0
497,2011-11-16,13.752287860592332,20261.850000000002,20275.602287860595,12935,12585,13180,12555,0.0,12585,0,0
498,2011-11-17,13.752287860592332,20447.0,20460.752287860592,12800,12700,12800,12450,0.0,12700,0,0
499,2011-11-18,13.752287860592332,20012.300000000003,20026.052287860595,12595,12430,12595,12245,0.0,12430,0,0
500,2011-11-21,19494.04325738459,0.0,19494.04325738459,12100,12000,12250,11950,-1.0,12000,0,0
501,2011-11-22,19494.04325738459,0.0,19494.04325738459,11880,11900,12100,11750,0.0,11900,0,0
502,2011-11-23,19494.04325738459,0.0,19494.04325738459,11730,11670,11830,11500,0.0,11670,0,0
503,2011-11-24,19494.04325738459,0.0,19494.04325738459,11640,11785,11785,11405,0.0,11785,0,0
504,2011-11-25,19494.04325738459,0.0,19494.04325738459,11750,11585,11750,11450,0.0,11585,0,0
505,2011-11-28,19494.04325738459,0.0,19494.04325738459,11670,11830,11890,11670,0.0,11830,0,0
506,2011-11-29,19494.04325738459,0.0,19494.04325738459,11860,12190,12195,11860,0.0,12190,0,0
507,2011-11-30,19494.04325738459,0.0,19494.04325738459,12185,12010,12185,11885,0.0,12010,0,0
508,2011-12-01,19494.04325738459,0.0,19494.04325738459,12700,12700,12855,12500,0.0,12700,0,0
509,2011-12-02,19494.04325738459,0.0,19494.04325738459,12700,12645,12855,12620,0.0,12645,0,0
510,2011-12-05,82.93325738458952,19410.4,19493.33325738459,12615,12770,12840,12615,1.0,12770,0,0
511,2011-12-06,82.93325738458952,19152.0,19234.93325738459,12770,12600,12770,12550,0.0,12600,0,0
512,2011-12-07,82.93325738458952,19106.4,19189.33325738459,12605,12570,12670,12400,0.0,12570,0,0
513,2011-12-08,82.93325738458952,19136.8,19219.73325738459,12530,12590,12690,12455,0.0,12590,0,0
514,2011-12-09,82.93325738458952,18627.6,18710.533257384588,12550,12255,12550,12135,0.0,12255,0,0
515,2011-12-12,82.93325738458952,18749.2,18832.13325738459,12770,12335,12770,12290,0.0,12335,0,0
516,2011-12-13,18398.266628248588,0.0,18398.266628248588,12050,12005,12205,12000,-1.0,12005,0,0
517,2011-12-14,18398.266628248588,0.0,18398.266628248588,11950,11940,12070,11865,0.0,11940,0,0
518,2011-12-15,18398.266628248588,0.0,18398.266628248588,11790,11410,11790,11355,0.0,11410,0,0
519,2011-12-16,18398.266628248588,0.0,18398.266628248588,11410,11565,11590,11405,0.0,11565,0,0
520,2011-12-19,18398.266628248588,0.0,18398.266628248588,11500,11120,11500,10930,0.0,11120,0,0
521,2011-12-20,18398.266628248588,0.0,18398.266628248588,10970,11100,11275,10970,0.0,11100,0,0
522,2011-12-21,18398.266628248588,0.0,18398.266628248588,11300,11505,11570,11300,0.0,11505,0,0
523,2011-12-22,18398.266628248588,0.0,18398.266628248588,11505,11465,11560,11400,0.0,11465,0,0
524,2011-12-23,18398.266628248588,0.0,18398.266628248588,11475,11790,11810,11475,0.0,11790,0,0
525,2011-12-26,18398.266628248588,0.0,18398.266628248588,11800,11680,11850,11610,0.0,11680,0,0
526,2011-12-27,18398.266628248588,0.0,18398.266628248588,11555,11480,11650,11300,0.0,11480,0,0
527,2011-12-28,18398.266628248588,0.0,18398.266628248588,11480,11450,11605,11450,0.0,11450,0,0
528,2011-12-29,18398.266628248588,0.0,18398.266628248588,11350,11490,11540,11350,0.0,11490,0,0
529,2012-01-02,18398.266628248588,0.0,18398.266628248588,11495,11515,11620,11410,0.0,11515,0,0
530,2012-01-03,18398.266628248588,0.0,18398.266628248588,11460,11955,12020,11460,0.0,11955,0,0
531,2012-01-04,18398.266628248588,0.0,18398.266628248588,12180,11850,12180,11850,0.0,11850,0,0
532,2012-01-05,66.19662824858824,18331.4,18397.59662824859,12155,12140,12220,11920,1.0,12140,0,0
533,2012-01-06,66.19662824858824,17953.9,18020.09662824859,12105,11890,12115,11780,0.0,11890,0,0
534,2012-01-09,66.19662824858824,18014.3,18080.496628248588,11885,11930,11930,11715,0.0,11930,0,0
535,2012-01-10,66.19662824858824,18391.8,18457.996628248588,11955,12180,12190,11955,0.0,12180,0,0
536,2012-01-11,66.19662824858824,18074.7,18140.89662824859,12200,11970,12285,11930,0.0,11970,0,0
537,2012-01-12,66.19662824858824,18633.4,18699.59662824859,11920,12340,12340,11920,0.0,12340,0,0
538,2012-01-13,66.19662824858824,18769.3,18835.496628248588,12350,12430,12445,12335,0.0,12430,0,0
539,2012-01-16,66.19662824858824,18610.75,18676.94662824859,12400,12325,12430,12180,0.0,12325,0,0
540,2012-01-17,66.19662824858824,19086.4,19152.59662824859,12440,12640,12640,12440,0.0,12640,0,0
541,2012-01-18,66.19662824858824,19358.2,19424.39662824859,12540,12820,12885,12540,0.0,12820,0,0
542,2012-01-19,66.19662824858824,19471.45,19537.64662824859,12835,12895,12930,12805,0.0,12895,0,0
543,2012-01-20,66.19662824858824,20015.05,20081.246628248588,13070,13255,13315,12955,0.0,13255,0,0
544,2012-01-25,66.19662824858824,19856.5,19922.69662824859,13225,13150,13405,13050,0.0,13150,0,0
545,2012-01-26,66.19662824858824,20098.1,20164.296628248587,13250,13310,13340,13155,0.0,13310,0,0
546,2012-01-27,66.19662824858824,20271.75,20337.94662824859,13270,13425,13495,13270,0.0,13425,0,0
547,2012-01-30,66.19662824858824,19781.0,19847.19662824859,13400,13100,13425,13100,0.0,13100,0,0
548,2012-01-31,66.19662824858824,20015.05,20081.246628248588,13150,13255,13450,13140,0.0,13255,0,0
549,2012-02-01,66.19662824858824,20475.6,20541.796628248587,13275,13560,13655,13275,0.0,13560,0,0
550,2012-02-02,66.19662824858824,21291.0,21357.19662824859,13735,14100,14100,13735,0.0,14100,0,0
551,2012-02-03,66.19662824858824,21442.0,21508.19662824859,14190,14200,14260,13935,0.0,14200,0,0
552,2012-02-06,66.19662824858824,21321.2,21387.39662824859,14300,14120,14485,14070,0.0,14120,0,0
553,2012-02-07,66.19662824858824,21351.4,21417.59662824859,14070,14140,14320,14070,0.0,14140,0,0
554,2012-02-08,66.19662824858824,21947.85,22014.046628248587,14140,14535,14575,14140,0.0,14535,0,0
555,2012-02-09,66.19662824858824,22589.6,22655.796628248587,14605,14960,15055,14600,0.0,14960,0,0
556,2012-02-10,66.19662824858824,22144.15,22210.34662824859,15010,14665,15090,14600,0.0,14665,0,0
557,2012-02-13,66.19662824858824,22091.3,22157.496628248588,14775,14630,14775,14315,0.0,14630,0,0
558,2012-02-14,66.19662824858824,21879.9,21946.09662824859,14790,14490,14790,14350,0.0,14490,0,0
559,2012-02-15,66.19662824858824,21993.15,22059.34662824859,14550,14565,14630,14350,0.0,14565,0,0
560,2012-02-16,66.19662824858824,21238.15,21304.34662824859,14250,14065,14445,14065,0.0,14065,0,0
561,2012-02-17,66.19662824858824,21494.85,21561.046628248587,14300,14235,14435,14200,0.0,14235,0,0
562,2012-02-20,66.19662824858824,21947.85,22014.046628248587,14450,14535,14550,14445,0.0,14535,0,0
563,2012-02-21,66.19662824858824,21713.8,21779.996628248588,14495,14380,14510,14230,0.0,14380,0,0
564,2012-02-22,66.19662824858824,21668.5,21734.69662824859,14305,14350,14385,14235,0.0,14350,0,0
565,2012-02-23,66.19662824858824,21472.2,21538.39662824859,14330,14220,14330,14205,0.0,14220,0,0
566,2012-02-24,66.19662824858824,21351.4,21417.59662824859,14220,14140,14265,13995,0.0,14140,0,0
567,2012-02-27,66.19662824858824,20596.4,20662.59662824859,14100,13640,14100,13555,0.0,13640,0,0
568,2012-02-28,20646.747551253786,0.0,20646.747551253786,13630,13775,13775,13490,-1.0,13775,0,0
569,2012-02-29,20646.747551253786,0.0,20646.747551253786,13820,13800,13900,13765,0.0,13800,0,0
570,2012-03-02,20646.747551253786,0.0,20646.747551253786,13800,13925,13990,13800,0.0,13925,0,0
571,2012-03-05,20646.747551253786,0.0,20646.747551253786,13925,13510,13925,13455,0.0,13510,0,0
572,2012-03-06,20646.747551253786,0.0,20646.747551253786,13460,13380,13565,13155,0.0,13380,0,0
573,2012-03-07,20646.747551253786,0.0,20646.747551253786,13125,13145,13255,13105,0.0,13145,0,0
574,2012-03-08,20646.747551253786,0.0,20646.747551253786,13175,13400,13400,13160,0.0,13400,0,0
575,2012-03-09,20646.747551253786,0.0,20646.747551253786,13505,13285,13505,13215,0.0,13285,0,0
576,2012-03-12,20646.747551253786,0.0,20646.747551253786,13385,13035,13385,13015,0.0,13035,0,0
577,2012-03-13,20646.747551253786,0.0,20646.747551253786,13050,13280,13325,13050,0.0,13280,0,0
578,2012-03-14,20646.747551253786,0.0,20646.747551253786,13410,13220,13500,13220,0.0,13220,0,0
579,2012-03-15,20646.747551253786,0.0,20646.747551253786,13220,12900,13300,12865,0.0,12900,0,0
580,2012-03-16,20646.747551253786,0.0,20646.747551253786,12885,13080,13100,12885,0.0,13080,0,0
581,2012-03-19,20646.747551253786,0.0,20646.747551253786,13150,13020,13160,12970,0.0,13020,0,0
582,2012-03-20,20646.747551253786,0.0,20646.747551253786,13180,13120,13190,13040,0.0,13120,0,0
583,2012-03-21,20646.747551253786,0.0,20646.747551253786,13100,12890,13100,12890,0.0,12890,0,0
584,2012-03-22,20646.747551253786,0.0,20646.747551253786,12915,12645,12915,12610,0.0,12645,0,0
585,2012-03-23,20646.747551253786,0.0,20646.747551253786,12645,12835,12880,12480,0.0,12835,0,0
586,2012-03-26,20646.747551253786,0.0,20646.747551253786,12875,12535,12950,12500,0.0,12535,0,0
587,2012-03-27,20646.747551253786,0.0,20646.747551253786,12800,12505,12800,12465,0.0,12505,0,0
588,2012-03-28,20646.747551253786,0.0,20646.747551253786,12500,12465,12540,12450,0.0,12465,0,0
589,2012-03-29,20646.747551253786,0.0,20646.747551253786,12430,12540,12545,12330,0.0,12540,0,0
590,2012-03-30,20646.747551253786,0.0,20646.747551253786,12400,12740,12775,12400,0.0,12740,0,0
591,2012-04-02,20646.747551253786,0.0,20646.747551253786,12800,12685,12820,12600,0.0,12685,0,0
592,2012-04-03,20646.747551253786,0.0,20646.747551253786,12860,12730,12860,12600,0.0,12730,0,0
593,2012-04-04,20646.747551253786,0.0,20646.747551253786,12650,12290,12655,12250,0.0,12290,0,0
594,2012-04-05,20646.747551253786,0.0,20646.747551253786,12255,12120,12275,11990,0.0,12120,0,0
595,2012-04-06,20646.747551253786,0.0,20646.747551253786,12120,12290,12430,12120,0.0,12290,0,0
596,2012-04-09,20646.747551253786,0.0,20646.747551253786,12290,12125,12390,12120,0.0,12125,0,0
597,2012-04-10,20646.747551253786,0.0,20646.747551253786,12130,12285,12420,12130,0.0,12285,0,0
598,2012-04-12,20646.747551253786,0.0,20646.747551253786,12405,12500,12520,12250,0.0,12500,0,0
599,2012-04-13,20646.747551253786,0.0,20646.747551253786,12550,12720,12770,12550,0.0,12720,0,0
600,2012-04-16,20646.747551253786,0.0,20646.747551253786,12720,12630,12750,12495,0.0,12630,0,0
601,2012-04-17,20646.747551253786,0.0,20646.747551253786,12670,12475,12695,12335,0.0,12475,0,0
602,2012-04-18,20646.747551253786,0.0,20646.747551253786,12610,12480,12625,12410,0.0,12480,0,0
603,2012-04-19,20646.747551253786,0.0,20646.747551253786,12495,12230,12495,12190,0.0,12230,0,0
604,2012-04-20,20646.747551253786,0.0,20646.747551253786,12130,11740,12130,11710,0.0,11740,0,0
605,2012-04-23,20646.747551253786,0.0,20646.747551253786,11745,11735,11900,11710,0.0,11735,0,0
606,2012-04-24,20646.747551253786,0.0,20646.747551253786,11720,11490,11720,11430,0.0,11490,0,0
607,2012-04-25,20646.747551253786,0.0,20646.747551253786,11525,11410,11640,11320,0.0,11410,0,0
608,2012-04-26,20646.747551253786,0.0,20646.747551253786,11460,11360,11600,11280,0.0,11360,0,0
609,2012-04-27,20646.747551253786,0.0,20646.747551253786,11345,11135,11345,11100,0.0,11135,0,0
610,2012-04-30,20646.747551253786,0.0,20646.747551253786,11200,10935,11200,10690,0.0,10935,0,0
611,2012-05-02,20646.747551253786,0.0,20646.747551253786,11065,11300,11355,11010,0.0,11300,0,0
612,2012-05-03,20646.747551253786,0.0,20646.747551253786,11300,11385,11395,11190,0.0,11385,0,0
613,2012-05-04,20646.747551253786,0.0,20646.747551253786,11385,11500,11505,11305,0.0,11500,0,0
614,2012-05-07,20646.747551253786,0.0,20646.747551253786,11400,11050,11400,11030,0.0,11050,0,0
615,2012-05-08,20646.747551253786,0.0,20646.747551253786,11260,11165,11260,11075,0.0,11165,0,0
616,2012-05-09,20646.747551253786,0.0,20646.747551253786,11100,10885,11160,10845,0.0,10885,0,0
617,2012-05-10,20646.747551253786,0.0,20646.747551253786,10885,10910,10940,10650,0.0,10910,0,0
618,2012-05-11,20646.747551253786,0.0,20646.747551253786,10955,10655,10955,10625,0.0,10655,0,0
619,2012-05-14,20646.747551253786,0.0,20646.747551253786,10750,10580,10750,10440,0.0,10580,0,0
620,2012-05-15,20646.747551253786,0.0,20646.747551253786,10250,10315,10525,10100,0.0,10315,0,0
621,2012-05-16,20646.747551253786,0.0,20646.747551253786,10300,10195,10440,10150,0.0,10195,0,0
622,2012-05-17,20646.747551253786,0.0,20646.747551253786,10250,10590,10615,10240,0.0,10590,0,0
623,2012-05-18,20646.747551253786,0.0,20646.747551253786,10270,10280,10490,10250,0.0,10280,0,0
624,2012-05-21,20646.747551253786,0.0,20646.747551253786,10430,10270,10455,10090,0.0,10270,0,0
625,2012-05-22,20646.747551253786,0.0,20646.747551253786,10380,10400,10400,10260,0.0,10400,0,0
626,2012-05-23,20646.747551253786,0.0,20646.747551253786,10390,10155,10390,10135,0.0,10155,0,0
627,2012-05-24,20646.747551253786,0.0,20646.747551253786,10290,10225,10290,10120,0.0,10225,0,0
628,2012-05-25,20646.747551253786,0.0,20646.747551253786,10270,10460,10465,10270,0.0,10460,0,0
629,2012-05-29,20646.747551253786,0.0,20646.747551253786,10500,10745,10745,10420,0.0,10745,0,0
630,2012-05-30,20646.747551253786,0.0,20646.747551253786,10745,10655,10745,10540,0.0,10655,0,0
631,2012-05-31,20646.747551253786,0.0,20646.747551253786,10580,10405,10580,10320,0.0,10405,0,0
632,2012-06-01,20646.747551253786,0.0,20646.747551253786,10445,10265,10445,10245,0.0,10265,0,0
633,2012-06-04,20646.747551253786,0.0,20646.747551253786,10010,9500,10030,9500,0.0,9500,0,0
634,2012-06-05,20646.747551253786,0.0,20646.747551253786,9710,9700,9825,9700,0.0,9700,0,0
635,2012-06-07,20646.747551253786,0.0,20646.747551253786,10020,10010,10140,9950,0.0,10010,0,0
636,2012-06-08,20646.747551253786,0.0,20646.747551253786,10100,9910,10150,9910,0.0,9910,0,0
637,2012-06-11,20646.747551253786,0.0,20646.747551253786,10060,10515,10515,10045,0.0,10515,0,0
638,2012-06-12,20646.747551253786,0.0,20646.747551253786,10400,10400,10505,10270,0.0,10400,0,0
639,2012-06-13,20646.747551253786,0.0,20646.747551253786,10515,10390,10600,10295,0.0,10390,0,0
640,2012-06-14,20646.747551253786,0.0,20646.747551253786,10315,10395,10445,10305,0.0,10395,0,0
641,2012-06-15,81.99755125378579,20564.0,20645.997551253786,10440,10600,10600,10395,1.0,10600,0,0
642,2012-06-18,81.99755125378579,20932.6,21014.597551253784,10820,10790,10905,10770,0.0,10790,0,0
643,2012-06-19,81.99755125378579,20719.2,20801.197551253787,10790,10680,10895,10670,0.0,10680,0,0
644,2012-06-20,81.99755125378579,20855.0,20936.997551253786,10725,10750,10825,10725,0.0,10750,0,0
645,2012-06-21,81.99755125378579,20583.399999999998,20665.397551253784,10700,10610,10725,10560,0.0,10610,0,0
646,2012-06-22,81.99755125378579,20040.2,20122.197551253787,10450,10330,10450,10260,0.0,10330,0,0
647,2012-06-25,81.99755125378579,20059.6,20141.597551253784,10400,10340,10410,10200,0.0,10340,0,0
648,2012-06-26,81.99755125378579,20030.5,20112.497551253786,10165,10325,10490,10165,0.0,10325,0,0
649,2012-06-27,20208.764990763786,0.0,20208.764990763786,10375,10335,10375,10180,-1.0,10335,0,0
650,2012-06-28,20208.764990763786,0.0,20208.764990763786,10455,10370,10455,10270,0.0,10370,0,0
651,2012-06-29,67.08499076378575,20140.95,20208.034990763786,10330,10545,10545,10170,1.0,10545,0,0
652,2012-07-02,67.08499076378575,20312.85,20379.934990763784,10845,10635,10845,10635,0.0,10635,0,0
653,2012-07-03,67.08499076378575,21048.2,21115.284990763786,10645,11020,11020,10645,0.0,11020,0,0
654,2012-07-04,67.08499076378575,21010.0,21077.084990763786,11085,11000,11130,10980,0.0,11000,0,0
655,2012-07-05,67.08499076378575,21172.35,21239.434990763784,10950,11085,11115,10950,0.0,11085,0,0
656,2012-07-06,67.08499076378575,21076.85,21143.934990763784,11115,11035,11115,10930,0.0,11035,0,0
657,2012-07-09,67.08499076378575,20637.55,20704.634990763785,10950,10805,10990,10805,0.0,10805,0,0
658,2012-07-10,67.08499076378575,20437.0,20504.084990763786,10810,10700,10935,10600,0.0,10700,0,0
659,2012-07-11,67.08499076378575,20618.45,20685.534990763786,10655,10795,10805,10580,0.0,10795,0,0
660,2012-07-12,67.08499076378575,20026.35,20093.434990763784,10790,10485,10820,10485,0.0,10485,0,0
661,2012-07-13,67.08499076378575,20246.0,20313.084990763786,10605,10600,10640,10205,0.0,10600,0,0
662,2012-07-16,67.08499076378575,20331.95,20399.034990763786,10670,10645,10715,10610,0.0,10645,0,0
663,2012-07-17,67.08499076378575,20742.6,20809.684990763784,10645,10860,10920,10550,0.0,10860,0,0
664,2012-07-18,67.08499076378575,20475.2,20542.284990763786,10875,10720,10950,10660,0.0,10720,0,0
665,2012-07-19,67.08499076378575,20704.399999999998,20771.484990763784,10840,10840,10900,10770,0.0,10840,0,0
666,2012-07-20,67.08499076378575,20866.75,20933.834990763786,10890,10925,10925,10760,0.0,10925,0,0
667,2012-07-23,67.08499076378575,20246.0,20313.084990763786,10880,10600,10880,10525,0.0,10600,0,0
668,2012-07-24,20169.103331074784,0.0,20169.103331074784,10525,10400,10525,10220,-1.0,10400,0,0
669,2012-07-25,20169.103331074784,0.0,20169.103331074784,10270,10355,10430,10195,0.0,10355,0,0
670,2012-07-26,20169.103331074784,0.0,20169.103331074784,10395,10495,10495,10320,0.0,10495,0,0
671,2012-07-27,20169.103331074784,0.0,20169.103331074784,10590,10780,10780,10590,0.0,10780,0,0
672,2012-07-30,20169.103331074784,0.0,20169.103331074784,10830,10780,10890,10780,0.0,10780,0,0
673,2012-07-31,65.82333107478553,20102.55,20168.373331074785,10740,10985,11070,10740,1.0,10985,0,0
674,2012-08-01,65.82333107478553,20111.7,20177.523331074786,10950,10990,10995,10895,0.0,10990,0,0
675,2012-08-02,65.82333107478553,20175.75,20241.573331074786,10990,11025,11160,10990,0.0,11025,0,0
676,2012-08-03,65.82333107478553,20047.65,20113.473331074787,10825,10955,11000,10820,0.0,10955,0,0
677,2012-08-06,65.82333107478553,20862.0,20927.823331074786,11180,11400,11400,11180,0.0,11400,0,0
678,2012-08-07,65.82333107478553,20770.5,20836.323331074786,11385,11350,11450,11335,0.0,11350,0,0
679,2012-08-08,65.82333107478553,21026.7,21092.523331074786,11385,11490,11570,11385,0.0,11490,0,0
680,2012-08-09,65.82333107478553,21209.7,21275.523331074786,11540,11590,11745,11480,0.0,11590,0,0
681,2012-08-10,65.82333107478553,21127.350000000002,21193.173331074788,11610,11545,11725,11545,0.0,11545,0,0
682,2012-08-13,65.82333107478553,20907.75,20973.573331074786,11555,11425,11620,11415,0.0,11425,0,0
683,2012-08-14,65.82333107478553,21246.3,21312.123331074785,11420,11610,11610,11420,0.0,11610,0,0
684,2012-08-16,65.82333107478553,21301.2,21367.023331074786,11620,11640,11700,11600,0.0,11640,0,0
685,2012-08-17,65.82333107478553,21612.3,21678.123331074785,11735,11810,11865,11735,0.0,11810,0,0
686,2012-08-20,65.82333107478553,21401.850000000002,21467.673331074788,11810,11695,11865,11625,0.0,11695,0,0
687,2012-08-21,65.82333107478553,21292.05,21357.873331074785,11655,11635,11765,11635,0.0,11635,0,0
688,2012-08-22,65.82333107478553,21228.0,21293.823331074786,11595,11600,11660,11505,0.0,11600,0,0
689,2012-08-23,65.82333107478553,21118.2,21184.023331074786,11655,11540,11690,11505,0.0,11540,0,0
690,2012-08-24,65.82333107478553,20999.25,21065.073331074786,11615,11475,11615,11355,0.0,11475,0,0
691,2012-08-27,65.82333107478553,21246.3,21312.123331074785,11460,11610,11670,11455,0.0,11610,0,0
692,2012-08-28,65.82333107478553,21072.45,21138.273331074786,11600,11515,11625,11390,0.0,11515,0,0
693,2012-08-29,65.82333107478553,21145.65,21211.473331074787,11585,11555,11585,11420,0.0,11555,0,0
694,2012-08-30,65.82333107478553,20569.2,20635.023331074786,11550,11240,11550,11170,0.0,11240,0,0
695,2012-08-31,20625.125027494985,0.0,20625.125027494985,11235,11250,11275,11150,-1.0,11250,0,0
696,2012-09-03,20625.125027494985,0.0,20625.125027494985,11265,11445,11445,11190,0.0,11445,0,0
697,2012-09-04,20625.125027494985,0.0,20625.125027494985,11420,11425,11510,11390,0.0,11425,0,0
698,2012-09-05,20625.125027494985,0.0,20625.125027494985,11270,11230,11405,11210,0.0,11230,0,0
699,2012-09-06,20625.125027494985,0.0,20625.125027494985,11210,11230,11280,11175,0.0,11230,0,0
700,2012-09-07,20625.125027494985,0.0,20625.125027494985,11410,11600,11600,11390,0.0,11600,0,0
701,2012-09-10,48.32502749498599,20576.05,20624.375027494985,11610,11495,11610,11495,1.0,11495,0,0
702,2012-09-11,20596.777118811784,0.0,20596.777118811784,11480,11380,11480,11370,-1.0,11380,0,0
703,2012-09-12,1.4271188117854763,20594.6,20596.027118811784,11475,11570,11585,11465,1.0,11570,0,0
704,2012-09-13,1.4271188117854763,20532.3,20533.727118811785,11590,11535,11590,11440,0.0,11535,0,0
705,2012-09-14,1.4271188117854763,21182.0,21183.427118811785,11730,11900,11950,11730,0.0,11900,0,0
706,2012-09-17,1.4271188117854763,21466.8,21468.227118811785,12010,12060,12140,11990,0.0,12060,0,0
707,2012-09-18,1.4271188117854763,21449.0,21450.427118811785,12090,12050,12090,11910,0.0,12050,0,0
708,2012-09-19,1.4271188117854763,21360.0,21361.427118811785,12005,12000,12015,11860,0.0,12000,0,0
709,2012-09-20,1.4271188117854763,20870.5,20871.927118811785,11880,11725,11925,11700,0.0,11725,0,0
710,2012-09-21,1.4271188117854763,20861.6,20863.027118811784,11705,11720,11785,11600,0.0,11720,0,0
711,2012-09-24,1.4271188117854763,20710.3,20711.727118811785,11670,11635,11690,11530,0.0,11635,0,0
712,2012-09-25,1.4271188117854763,20799.3,20800.727118811785,11665,11685,11785,11610,0.0,11685,0,0
713,2012-09-26,1.4271188117854763,20585.7,20587.127118811786,11645,11565,11650,11505,0.0,11565,0,0
714,2012-09-27,1.4271188117854763,20861.6,20863.027118811784,11550,11720,11720,11485,0.0,11720,0,0
715,2012-09-28,1.4271188117854763,20799.3,20800.727118811785,11750,11685,11790,11670,0.0,11685,0,0
716,2012-10-02,1.4271188117854763,20950.6,20952.027118811784,11740,11770,11830,11700,0.0,11770,0,0
717,2012-10-04,1.4271188117854763,20567.9,20569.327118811787,11770,11555,11770,11540,0.0,11555,0,0
718,2012-10-05,20630.876262052585,0.0,20630.876262052585,11590,11575,11660,11550,-1.0,11575,0,0
719,2012-10-08,20630.876262052585,0.0,20630.876262052585,11600,11385,11600,11335,0.0,11385,0,0
720,2012-10-09,20630.876262052585,0.0,20630.876262052585,11490,11270,11490,11270,0.0,11270,0,0
721,2012-10-10,20630.876262052585,0.0,20630.876262052585,11260,11195,11260,11170,0.0,11195,0,0
722,2012-10-11,20630.876262052585,0.0,20630.876262052585,11270,11100,11270,11020,0.0,11100,0,0
723,2012-10-12,20630.876262052585,0.0,20630.876262052585,11110,11110,11185,11050,0.0,11110,0,0
724,2012-10-15,20630.876262052585,0.0,20630.876262052585,11110,10935,11110,10890,0.0,10935,0,0
725,2012-10-16,20630.876262052585,0.0,20630.876262052585,10950,11085,11085,10950,0.0,11085,0,0
726,2012-10-17,20630.876262052585,0.0,20630.876262052585,11170,11330,11395,11170,0.0,11330,0,0
727,2012-10-18,20630.876262052585,0.0,20630.876262052585,11315,11510,11510,11315,0.0,11510,0,0
728,2012-10-19,20630.876262052585,0.0,20630.876262052585,11500,11425,11570,11415,0.0,11425,0,0
729,2012-10-22,20630.876262052585,0.0,20630.876262052585,11255,11320,11340,11180,0.0,11320,0,0
730,2012-10-23,20630.876262052585,0.0,20630.876262052585,11305,11145,11305,11145,0.0,11145,0,0
731,2012-10-24,20630.876262052585,0.0,20630.876262052585,11100,10950,11100,10840,0.0,10950,0,0
732,2012-10-25,20630.876262052585,0.0,20630.876262052585,10805,10745,10900,10630,0.0,10745,0,0
733,2012-10-26,20630.876262052585,0.0,20630.876262052585,10745,10595,10800,10580,0.0,10595,0,0
734,2012-10-29,20630.876262052585,0.0,20630.876262052585,10535,10620,10690,10535,0.0,10620,0,0
735,2012-10-30,20630.876262052585,0.0,20630.876262052585,10595,10750,10785,10595,0.0,10750,0,0
736,2012-10-31,20630.876262052585,0.0,20630.876262052585,10755,10960,11000,10755,0.0,10960,0,0
737,2012-11-01,20630.876262052585,0.0,20630.876262052585,10900,10920,10960,10815,0.0,10920,0,0
738,2012-11-02,20630.876262052585,0.0,20630.876262052585,11005,11145,11145,11005,0.0,11145,0,0
739,2012-11-05,20630.876262052585,0.0,20630.876262052585,11100,11035,11145,11015,0.0,11035,0,0
740,2012-11-06,20630.876262052585,0.0,20630.876262052585,11035,11260,11260,11035,0.0,11260,0,0
741,2012-11-07,55.02626205258639,20575.100000000002,20630.12626205259,11300,11305,11315,11175,1.0,11305,0,0
742,2012-11-08,19992.400594964987,0.0,19992.400594964987,10955,10980,11055,10955,-1.0,10980,0,0
743,2012-11-09,19992.400594964987,0.0,19992.400594964987,10860,11015,11015,10775,0.0,11015,0,0
744,2012-11-12,19992.400594964987,0.0,19992.400594964987,10945,10860,10970,10815,0.0,10860,0,0
745,2012-11-13,19992.400594964987,0.0,19992.400594964987,10975,10735,10975,10665,0.0,10735,0,0
746,2012-11-14,19992.400594964987,0.0,19992.400594964987,10735,10605,10735,10505,0.0,10605,0,0
747,2012-11-15,19992.400594964987,0.0,19992.400594964987,10465,10570,10580,10390,0.0,10570,0,0
748,2012-11-16,19992.400594964987,0.0,19992.400594964987,10570,10525,10635,10455,0.0,10525,0,0
749,2012-11-19,19992.400594964987,0.0,19992.400594964987,10545,10645,10660,10535,0.0,10645,0,0
750,2012-11-20,19992.400594964987,0.0,19992.400594964987,10705,10665,10745,10635,0.0,10665,0,0
751,2012-11-21,19992.400594964987,0.0,19992.400594964987,10620,10505,10670,10420,0.0,10505,0,0
752,2012-11-22,19992.400594964987,0.0,19992.400594964987,10520,10510,10610,10510,0.0,10510,0,0
753,2012-11-23,19992.400594964987,0.0,19992.400594964987,10505,10565,10595,10500,0.0,10565,0,0
754,2012-11-26,19992.400594964987,0.0,19992.400594964987,10570,10650,10685,10570,0.0,10650,0,0
755,2012-11-27,19992.400594964987,0.0,19992.400594964987,10660,10870,10900,10620,0.0,10870,0,0
756,2012-11-28,19992.400594964987,0.0,19992.400594964987,10855,10825,10855,10735,0.0,10825,0,0
757,2012-11-29,8.070594964985503,19983.600000000002,19991.670594964988,10870,10980,11040,10870,1.0,10980,0,0
758,2012-11-30,8.070594964985503,20047.3,20055.370594964985,10985,11015,11070,10980,0.0,11015,0,0
759,2012-12-03,8.070594964985503,20101.9,20109.970594964987,11000,11045,11070,10970,0.0,11045,0,0
760,2012-12-04,8.070594964985503,19838.0,19846.070594964986,11000,10900,11000,10840,0.0,10900,0,0
761,2012-12-05,8.070594964985503,19974.5,19982.570594964986,10975,10975,10990,10785,0.0,10975,0,0
762,2012-12-06,8.070594964985503,20365.8,20373.870594964985,11000,11190,11230,11000,0.0,11190,0,0
763,2012-12-07,8.070594964985503,20566.0,20574.070594964986,11160,11300,11320,11160,0.0,11300,0,0
764,2012-12-10,8.070594964985503,20502.3,20510.370594964985,11355,11265,11355,11220,0.0,11265,0,0
765,2012-12-11,8.070594964985503,20775.3,20783.370594964985,11270,11415,11415,11245,0.0,11415,0,0
766,2012-12-12,8.070594964985503,20966.4,20974.470594964987,11450,11520,11600,11450,0.0,11520,0,0
767,2012-12-13,8.070594964985503,21021.0,21029.070594964986,11480,11550,11630,11480,0.0,11550,0,0
768,2012-12-14,8.070594964985503,21166.600000000002,21174.670594964988,11550,11630,11665,11535,0.0,11630,0,0
769,2012-12-17,8.070594964985503,20930.0,20938.070594964986,11625,11500,11625,11480,0.0,11500,0,0
770,2012-12-18,8.070594964985503,21321.3,21329.370594964985,11510,11715,11735,11510,0.0,11715,0,0
771,2012-12-20,8.070594964985503,21403.2,21411.270594964986,11745,11760,11825,11745,0.0,11760,0,0
772,2012-12-21,8.070594964985503,21366.8,21374.870594964985,11810,11740,11830,11615,0.0,11740,0,0
773,2012-12-24,8.070594964985503,21193.9,21201.970594964987,11725,11645,11725,11640,0.0,11645,0,0
774,2012-12-26,8.070594964985503,21130.2,21138.270594964986,11620,11610,11760,11610,0.0,11610,0,0
775,2012-12-27,8.070594964985503,21294.0,21302.070594964986,11590,11700,11770,11590,0.0,11700,0,0
776,2012-12-28,8.070594964985503,21485.100000000002,21493.170594964988,11705,11805,11845,11705,0.0,11805,0,0
777,2013-01-02,8.070594964985503,22076.600000000002,22084.670594964988,11850,12130,12145,11850,0.0,12130,0,0
778,2013-01-03,8.070594964985503,22358.7,22366.770594964986,12295,12285,12300,12190,0.0,12285,0,0
779,2013-01-04,8.070594964985503,21985.600000000002,21993.670594964988,12285,12080,12300,12070,0.0,12080,0,0
780,2013-01-07,8.070594964985503,21785.4,21793.470594964987,12055,11970,12100,11815,0.0,11970,0,0
781,2013-01-08,8.070594964985503,21521.5,21529.570594964986,11995,11825,11995,11810,0.0,11825,0,0
782,2013-01-09,8.070594964985503,21366.8,21374.870594964985,11825,11740,11875,11740,0.0,11740,0,0
783,2013-01-10,8.070594964985503,21512.4,21520.470594964987,11805,11820,11885,11650,0.0,11820,0,0
784,2013-01-11,8.070594964985503,21294.0,21302.070594964986,11850,11700,11885,11695,0.0,11700,0,0
785,2013-01-14,8.070594964985503,20930.0,20938.070594964986,11625,11500,11625,11500,0.0,11500,0,0
786,2013-01-15,20937.308826684985,0.0,20937.308826684985,11500,11415,11620,11385,-1.0,11415,0,0
787,2013-01-16,20937.308826684985,0.0,20937.308826684985,11365,11380,11510,11365,0.0,11380,0,0
788,2013-01-17,20937.308826684985,0.0,20937.308826684985,11370,11500,11500,11345,0.0,11500,0,0
789,2013-01-18,20937.308826684985,0.0,20937.308826684985,11550,11440,11555,11370,0.0,11440,0,0
790,2013-01-21,20937.308826684985,0.0,20937.308826684985,11410,11425,11495,11400,0.0,11425,0,0
791,2013-01-22,20937.308826684985,0.0,20937.308826684985,11485,11380,11485,11325,0.0,11380,0,0
792,2013-01-23,20937.308826684985,0.0,20937.308826684985,11385,11380,11485,11360,0.0,11380,0,0
793,2013-01-24,20937.308826684985,0.0,20937.308826684985,11400,11380,11475,11360,0.0,11380,0,0
794,2013-01-25,20937.308826684985,0.0,20937.308826684985,11400,11310,11400,11225,0.0,11310,0,0
795,2013-01-28,20937.308826684985,0.0,20937.308826684985,11260,11310,11320,11225,0.0,11310,0,0
796,2013-01-29,20937.308826684985,0.0,20937.308826684985,11310,11405,11410,11310,0.0,11405,0,0
797,2013-01-30,20937.308826684985,0.0,20937.308826684985,11415,11300,11425,11295,0.0,11300,0,0
798,2013-01-31,20937.308826684985,0.0,20937.308826684985,11345,11315,11375,11250,0.0,11315,0,0
799,2013-02-01,20937.308826684985,0.0,20937.308826684985,11310,11210,11310,11115,0.0,11210,0,0
800,2013-02-04,20937.308826684985,0.0,20937.308826684985,11240,11145,11265,11120,0.0,11145,0,0
801,2013-02-05,20937.308826684985,0.0,20937.308826684985,11075,11040,11120,11040,0.0,11040,0,0
802,2013-02-06,20937.308826684985,0.0,20937.308826684985,11050,10960,11055,10940,0.0,10960,0,0
803,2013-02-07,20937.308826684985,0.0,20937.308826684985,11000,10935,11040,10920,0.0,10935,0,0
804,2013-02-08,20937.308826684985,0.0,20937.308826684985,10950,11025,11025,10900,0.0,11025,0,0
805,2013-02-12,20937.308826684985,0.0,20937.308826684985,11060,11110,11115,11010,0.0,11110,0,0
806,2013-02-13,20937.308826684985,0.0,20937.308826684985,11130,11305,11350,11100,0.0,11305,0,0
807,2013-02-14,20937.308826684985,0.0,20937.308826684985,11320,11420,11420,11320,0.0,11420,0,0
808,2013-02-15,20937.308826684985,0.0,20937.308826684985,11385,11390,11440,11350,0.0,11390,0,0
809,2013-02-18,70.94882668498394,20865.600000000002,20936.548826684986,11400,11340,11400,11290,1.0,11340,0,0
810,2013-02-19,70.94882668498394,20994.4,21065.348826684985,11370,11410,11425,11300,0.0,11410,0,0
811,2013-02-20,70.94882668498394,21104.8,21175.748826684983,11360,11470,11510,11360,0.0,11470,0,0
812,2013-02-21,70.94882668498394,20865.600000000002,20936.548826684986,11400,11340,11450,11295,0.0,11340,0,0
813,2013-02-22,70.94882668498394,20773.600000000002,20844.548826684986,11290,11290,11390,11265,0.0,11290,0,0
814,2013-02-25,70.94882668498394,20755.2,20826.148826684985,11265,11280,11370,11265,0.0,11280,0,0
815,2013-02-26,70.94882668498394,20663.2,20734.148826684985,11280,11230,11285,11200,0.0,11230,0,0
816,2013-02-27,20788.594759798583,0.0,20788.594759798583,11260,11200,11260,11095,-1.0,11200,0,0
817,2013-02-28,20788.594759798583,0.0,20788.594759798583,11225,11300,11305,11205,0.0,11300,0,0
818,2013-03-04,20788.594759798583,0.0,20788.594759798583,11300,11005,11300,10960,0.0,11005,0,0
819,2013-03-05,20788.594759798583,0.0,20788.594759798583,10990,10945,11100,10900,0.0,10945,0,0
820,2013-03-06,20788.594759798583,0.0,20788.594759798583,11025,10955,11065,10940,0.0,10955,0,0
821,2013-03-07,20788.594759798583,0.0,20788.594759798583,10950,10890,10950,10820,0.0,10890,0,0
822,2013-03-08,20788.594759798583,0.0,20788.594759798583,10920,10900,10975,10850,0.0,10900,0,0
823,2013-03-11,20788.594759798583,0.0,20788.594759798583,10900,10820,10900,10785,0.0,10820,0,0
824,2013-03-12,20788.594759798583,0.0,20788.594759798583,10820,10850,10925,10795,0.0,10850,0,0
825,2013-03-13,20788.594759798583,0.0,20788.594759798583,10850,10770,10875,10720,0.0,10770,0,0
826,2013-03-14,20788.594759798583,0.0,20788.594759798583,10750,10715,10760,10655,0.0,10715,0,0
827,2013-03-15,20788.594759798583,0.0,20788.594759798583,10730,10675,10775,10640,0.0,10675,0,0
828,2013-03-18,20788.594759798583,0.0,20788.594759798583,10700,10525,10700,10500,0.0,10525,0,0
829,2013-03-19,20788.594759798583,0.0,20788.594759798583,10550,10510,10610,10500,0.0,10510,0,0
830,2013-03-20,20788.594759798583,0.0,20788.594759798583,10500,10440,10500,10410,0.0,10440,0,0
831,2013-03-21,20788.594759798583,0.0,20788.594759798583,10460,10485,10600,10460,0.0,10485,0,0
832,2013-03-22,20788.594759798583,0.0,20788.594759798583,10480,10460,10600,10430,0.0,10460,0,0
833,2013-03-25,20788.594759798583,0.0,20788.594759798583,10560,10500,10565,10455,0.0,10500,0,0
834,2013-03-26,20788.594759798583,0.0,20788.594759798583,10545,10425,10545,10365,0.0,10425,0,0
835,2013-03-27,20788.594759798583,0.0,20788.594759798583,10475,10505,10575,10410,0.0,10505,0,0
836,2013-03-28,20788.594759798583,0.0,20788.594759798583,10650,10465,10650,10460,0.0,10465,0,0
837,2013-03-29,20788.594759798583,0.0,20788.594759798583,10500,10500,10560,10500,0.0,10500,0,0
838,2013-04-01,20788.594759798583,0.0,20788.594759798583,10500,10460,10530,10390,0.0,10460,0,0
839,2013-04-02,20788.594759798583,0.0,20788.594759798583,10450,10240,10475,10200,0.0,10240,0,0
840,2013-04-03,20788.594759798583,0.0,20788.594759798583,10205,10145,10225,10080,0.0,10145,0,0
841,2013-04-04,20788.594759798583,0.0,20788.594759798583,10145,10005,10150,9900,0.0,10005,0,0
842,2013-04-05,20788.594759798583,0.0,20788.594759798583,10000,9800,10000,9665,0.0,9800,0,0
843,2013-04-08,20788.594759798583,0.0,20788.594759798583,9800,9865,9895,9800,0.0,9865,0,0
844,2013-04-09,20788.594759798583,0.0,20788.594759798583,9850,9870,9965,9715,0.0,9870,0,0
845,2013-04-10,20788.594759798583,0.0,20788.594759798583,9915,10000,10000,9875,0.0,10000,0,0
846,2013-04-11,20788.594759798583,0.0,20788.594759798583,10020,9935,10020,9850,0.0,9935,0,0
847,2013-04-12,20788.594759798583,0.0,20788.594759798583,9935,9670,9995,9645,0.0,9670,0,0
848,2013-04-15,20788.594759798583,0.0,20788.594759798583,9705,9680,9705,9525,0.0,9680,0,0
849,2013-04-16,20788.594759798583,0.0,20788.594759798583,9580,9550,9580,9390,0.0,9550,0,0
850,2013-04-17,20788.594759798583,0.0,20788.594759798583,9550,9540,9555,9345,0.0,9540,0,0
851,2013-04-18,20788.594759798583,0.0,20788.594759798583,9500,9475,9550,9430,0.0,9475,0,0
852,2013-04-19,20788.594759798583,0.0,20788.594759798583,9380,9555,9575,9375,0.0,9555,0,0
853,2013-04-22,20788.594759798583,0.0,20788.594759798583,9570,9645,9675,9545,0.0,9645,0,0
854,2013-04-23,20788.594759798583,0.0,20788.594759798583,9680,9540,9680,9500,0.0,9540,0,0
855,2013-04-24,20788.594759798583,0.0,20788.594759798583,9580,9735,9740,9580,0.0,9735,0,0
856,2013-04-25,20788.594759798583,0.0,20788.594759798583,9735,9875,9910,9735,0.0,9875,0,0
857,2013-04-26,20788.594759798583,0.0,20788.594759798583,9920,9810,9920,9810,0.0,9810,0,0
858,2013-04-29,20788.594759798583,0.0,20788.594759798583,9785,9570,9785,9490,0.0,9570,0,0
859,2013-04-30,20788.594759798583,0.0,20788.594759798583,9570,9725,9725,9570,0.0,9725,0,0
860,2013-05-02,20788.594759798583,0.0,20788.594759798583,9725,9575,9725,9570,0.0,9575,0,0
861,2013-05-03,20788.594759798583,0.0,20788.594759798583,9620,9600,9620,9545,0.0,9600,0,0
862,2013-05-06,20788.594759798583,0.0,20788.594759798583,9645,9820,9970,9645,0.0,9820,0,0
863,2013-05-07,20788.594759798583,0.0,20788.594759798583,9820,9770,9880,9770,0.0,9770,0,0
864,2013-05-08,20788.594759798583,0.0,20788.594759798583,9885,9775,9885,9770,0.0,9775,0,0
865,2013-05-09,46.4447597985818,20741.399999999998,20787.84475979858,9995,10020,10050,9840,1.0,10020,0,0
866,2013-05-10,46.4447597985818,20410.199999999997,20456.64475979858,10000,9860,10010,9860,0.0,9860,0,0
867,2013-05-13,46.4447597985818,20358.449999999997,20404.89475979858,10055,9835,10055,9825,0.0,9835,0,0
868,2013-05-14,46.4447597985818,20596.5,20642.94475979858,9840,9950,9980,9840,0.0,9950,0,0
869,2013-05-15,46.4447597985818,20648.25,20694.69475979858,9995,9975,10000,9935,0.0,9975,0,0
870,2013-05-16,46.4447597985818,20762.1,20808.54475979858,10015,10030,10090,10000,0.0,10030,0,0
871,2013-05-20,46.4447597985818,20958.75,21005.19475979858,10050,10125,10140,10050,0.0,10125,0,0
872,2013-05-21,46.4447597985818,21000.149999999998,21046.59475979858,10100,10145,10190,10085,0.0,10145,0,0
873,2013-05-22,46.4447597985818,20762.1,20808.54475979858,10100,10030,10195,10025,0.0,10030,0,0
874,2013-05-23,46.4447597985818,20286.0,20332.44475979858,10010,9800,10015,9800,0.0,9800,0,0
875,2013-05-24,46.4447597985818,20016.899999999998,20063.34475979858,9805,9670,9870,9615,0.0,9670,0,0
876,2013-05-27,20021.21773150058,0.0,20021.21773150058,9650,9650,9650,9575,-1.0,9650,0,0
877,2013-05-28,20021.21773150058,0.0,20021.21773150058,9655,9700,9725,9630,0.0,9700,0,0
878,2013-05-29,20021.21773150058,0.0,20021.21773150058,9735,9685,9780,9665,0.0,9685,0,0
879,2013-05-30,20021.21773150058,0.0,20021.21773150058,9635,9695,9705,9615,0.0,9695,0,0
880,2013-05-31,20021.21773150058,0.0,20021.21773150058,9735,9835,9935,9735,0.0,9835,0,0
881,2013-06-03,20021.21773150058,0.0,20021.21773150058,9835,9890,9900,9760,0.0,9890,0,0
882,2013-06-04,20021.21773150058,0.0,20021.21773150058,9935,9890,9940,9800,0.0,9890,0,0
883,2013-06-05,20021.21773150058,0.0,20021.21773150058,9930,9745,9930,9745,0.0,9745,0,0
884,2013-06-07,20021.21773150058,0.0,20021.21773150058,9820,9660,9820,9650,0.0,9660,0,0
885,2013-06-10,20021.21773150058,0.0,20021.21773150058,9670,9680,9740,9635,0.0,9680,0,0
886,2013-06-11,20021.21773150058,0.0,20021.21773150058,9680,9475,9680,9460,0.0,9475,0,0
887,2013-06-12,20021.21773150058,0.0,20021.21773150058,9450,9440,9500,9440,0.0,9440,0,0
888,2013-06-13,20021.21773150058,0.0,20021.21773150058,9440,9375,9485,9325,0.0,9375,0,0
889,2013-06-14,20021.21773150058,0.0,20021.21773150058,9400,9355,9450,9330,0.0,9355,0,0
890,2013-06-17,20021.21773150058,0.0,20021.21773150058,9395,9355,9410,9300,0.0,9355,0,0
891,2013-06-18,20021.21773150058,0.0,20021.21773150058,9350,9270,9350,9145,0.0,9270,0,0
892,2013-06-19,20021.21773150058,0.0,20021.21773150058,9270,9060,9270,9020,0.0,9060,0,0
893,2013-06-20,20021.21773150058,0.0,20021.21773150058,9000,8760,9000,8735,0.0,8760,0,0
894,2013-06-21,20021.21773150058,0.0,20021.21773150058,8620,8610,8620,8450,0.0,8610,0,0
895,2013-06-24,20021.21773150058,0.0,20021.21773150058,8555,8550,8630,8520,0.0,8550,0,0
896,2013-06-25,20021.21773150058,0.0,20021.21773150058,8330,8565,8710,8330,0.0,8565,0,0
897,2013-06-26,20021.21773150058,0.0,20021.21773150058,8615,8590,8635,8500,0.0,8590,0,0
898,2013-06-27,20021.21773150058,0.0,20021.21773150058,8635,8830,8830,8635,0.0,8830,0,0
899,2013-06-28,20021.21773150058,0.0,20021.21773150058,8870,8965,9005,8870,0.0,8965,0,0
900,2013-07-01,20021.21773150058,0.0,20021.21773150058,9000,9045,9105,8930,0.0,9045,0,0
901,2013-07-02,20021.21773150058,0.0,20021.21773150058,9085,8970,9085,8950,0.0,8970,0,0
902,2013-07-03,20021.21773150058,0.0,20021.21773150058,8995,8895,9045,8895,0.0,8895,0,0
903,2013-07-04,20021.21773150058,0.0,20021.21773150058,8860,9020,9020,8860,0.0,9020,0,0
904,2013-07-05,20021.21773150058,0.0,20021.21773150058,9070,9070,9185,9030,0.0,9070,0,0
905,2013-07-08,20021.21773150058,0.0,20021.21773150058,9105,9020,9145,9000,0.0,9020,0,0
906,2013-07-09,20021.21773150058,0.0,20021.21773150058,9020,9035,9035,8915,0.0,9035,0,0
907,2013-07-10,20021.21773150058,0.0,20021.21773150058,9040,8980,9075,8980,0.0,8980,0,0
908,2013-07-11,54.28773150057896,19966.2,20020.48773150058,9050,9330,9330,9050,1.0,9330,0,0
909,2013-07-12,54.28773150057896,19934.100000000002,19988.38773150058,9390,9315,9395,9315,0.0,9315,0,0
910,2013-07-15,54.28773150057896,20244.4,20298.68773150058,9350,9460,9460,9280,0.0,9460,0,0
911,2013-07-16,54.28773150057896,20276.5,20330.78773150058,9500,9475,9500,9445,0.0,9475,0,0
912,2013-07-17,54.28773150057896,20287.2,20341.48773150058,9495,9480,9520,9320,0.0,9480,0,0
913,2013-07-18,54.28773150057896,20180.2,20234.48773150058,9480,9430,9510,9430,0.0,9430,0,0
914,2013-07-19,54.28773150057896,20447.7,20501.98773150058,9500,9555,9565,9430,0.0,9555,0,0
915,2013-07-22,54.28773150057896,20651.0,20705.28773150058,9550,9650,9665,9550,0.0,9650,0,0
916,2013-07-23,54.28773150057896,20715.2,20769.48773150058,9650,9680,9700,9645,0.0,9680,0,0
917,2013-07-24,54.28773150057896,20790.100000000002,20844.38773150058,9685,9715,9725,9645,0.0,9715,0,0
918,2013-07-25,54.28773150057896,20886.4,20940.68773150058,9750,9760,9790,9715,0.0,9760,0,0
919,2013-07-26,54.28773150057896,21218.100000000002,21272.38773150058,9800,9915,9920,9745,0.0,9915,0,0
920,2013-07-29,54.28773150057896,21025.5,21079.78773150058,9930,9825,9930,9815,0.0,9825,0,0
921,2013-07-30,54.28773150057896,21239.5,21293.78773150058,9790,9925,9925,9780,0.0,9925,0,0
922,2013-07-31,54.28773150057896,21207.4,21261.68773150058,9900,9910,9965,9860,0.0,9910,0,0
923,2013-08-01,54.28773150057896,21132.5,21186.78773150058,9940,9875,9940,9770,0.0,9875,0,0
924,2013-08-02,54.28773150057896,21357.2,21411.48773150058,9940,9980,10045,9940,0.0,9980,0,0
925,2013-08-05,54.28773150057896,21335.800000000003,21390.087731500582,9915,9970,10015,9915,0.0,9970,0,0
926,2013-08-06,54.28773150057896,21025.5,21079.78773150058,9970,9825,9970,9770,0.0,9825,0,0
927,2013-08-07,54.28773150057896,20907.800000000003,20962.087731500582,9675,9770,9770,9675,0.0,9770,0,0
928,2013-08-08,54.28773150057896,20939.9,20994.18773150058,9635,9785,9845,9635,0.0,9785,0,0
929,2013-08-09,54.28773150057896,20822.2,20876.48773150058,9810,9730,9810,9660,0.0,9730,0,0
930,2013-08-12,54.28773150057896,21046.9,21101.18773150058,9805,9835,9840,9765,0.0,9835,0,0
931,2013-08-13,54.28773150057896,21218.100000000002,21272.38773150058,9850,9915,9930,9850,0.0,9915,0,0
932,2013-08-14,54.28773150057896,21667.5,21721.78773150058,9960,10125,10125,9945,0.0,10125,0,0
933,2013-08-16,54.28773150057896,21496.300000000003,21550.587731500582,10090,10045,10150,10025,0.0,10045,0,0
934,2013-08-19,54.28773150057896,21688.9,21743.18773150058,10045,10135,10135,10045,0.0,10135,0,0
935,2013-08-20,54.28773150057896,21132.5,21186.78773150058,10155,9875,10155,9795,0.0,9875,0,0
936,2013-08-21,54.28773150057896,20800.800000000003,20855.087731500582,9875,9720,9875,9585,0.0,9720,0,0
937,2013-08-22,54.28773150057896,20586.800000000003,20641.087731500582,9565,9620,9640,9470,0.0,9620,0,0
938,2013-08-23,20640.338454327783,0.0,20640.338454327783,9620,9650,9695,9600,-1.0,9650,0,0
939,2013-08-26,20640.338454327783,0.0,20640.338454327783,9695,9820,9850,9695,0.0,9820,0,0
940,2013-08-27,20640.338454327783,0.0,20640.338454327783,9785,9735,9820,9715,0.0,9735,0,0
941,2013-08-28,20640.338454327783,0.0,20640.338454327783,9635,9820,9820,9630,0.0,9820,0,0
942,2013-08-29,20640.338454327783,0.0,20640.338454327783,9865,9810,9915,9810,0.0,9810,0,0
943,2013-08-30,20640.338454327783,0.0,20640.338454327783,9860,9860,9865,9770,0.0,9860,0,0
944,2013-09-02,11.288454327783256,20628.3,20639.588454327783,9905,9870,9905,9825,1.0,9870,0,0
945,2013-09-03,11.288454327783256,20837.3,20848.588454327783,9915,9970,9990,9895,0.0,9970,0,0
946,2013-09-04,11.288454327783256,20858.199999999997,20869.48845432778,10010,9980,10010,9915,0.0,9980,0,0
947,2013-09-05,11.288454327783256,21088.1,21099.38845432778,10010,10090,10115,9950,0.0,10090,0,0
948,2013-09-06,11.288454327783256,21129.899999999998,21141.18845432778,10130,10110,10145,10070,0.0,10110,0,0
949,2013-09-09,11.288454327783256,21631.5,21642.788454327783,10120,10350,10390,10120,0.0,10350,0,0
950,2013-09-10,11.288454327783256,21641.949999999997,21653.23845432778,10350,10355,10430,10270,0.0,10355,0,0
951,2013-09-11,11.288454327783256,21840.5,21851.788454327783,10440,10450,10450,10340,0.0,10450,0,0
952,2013-09-12,11.288454327783256,21913.649999999998,21924.93845432778,10315,10485,10550,10315,0.0,10485,0,0
953,2013-09-13,11.288454327783256,21610.6,21621.88845432778,10470,10340,10500,10340,0.0,10340,0,0
954,2013-09-16,11.288454327783256,21871.85,21883.13845432778,10400,10465,10500,10400,0.0,10465,0,0
955,2013-09-17,11.288454327783256,21965.899999999998,21977.18845432778,10425,10510,10520,10425,0.0,10510,0,0
956,2013-09-23,11.288454327783256,22289.85,22301.13845432778,10515,10665,10700,10490,0.0,10665,0,0
957,2013-09-24,11.288454327783256,22018.149999999998,22029.43845432778,10665,10535,10685,10475,0.0,10535,0,0
958,2013-09-25,11.288454327783256,21955.449999999997,21966.73845432778,10495,10505,10560,10490,0.0,10505,0,0
959,2013-09-26,11.288454327783256,22091.3,22102.588454327783,10495,10570,10635,10495,0.0,10570,0,0
960,2013-09-27,11.288454327783256,22143.55,22154.838454327783,10570,10595,10600,10535,0.0,10595,0,0
961,2013-09-30,11.288454327783256,21882.3,21893.588454327783,10590,10470,10590,10420,0.0,10470,0,0
962,2013-10-01,11.288454327783256,21652.399999999998,21663.68845432778,10385,10360,10525,10360,0.0,10360,0,0
963,2013-10-02,11.288454327783256,21756.899999999998,21768.18845432778,10400,10410,10450,10325,0.0,10410,0,0
964,2013-10-04,11.288454327783256,21485.199999999997,21496.48845432778,10400,10280,10400,10150,0.0,10280,0,0
965,2013-10-07,11.288454327783256,21412.05,21423.338454327783,10280,10245,10280,10200,0.0,10245,0,0
966,2013-10-08,11.288454327783256,21725.55,21736.838454327783,10300,10395,10400,10175,0.0,10395,0,0
967,2013-10-10,11.288454327783256,21694.199999999997,21705.48845432778,10355,10380,10430,10355,0.0,10380,0,0
968,2013-10-11,11.288454327783256,22101.75,22113.038454327783,10395,10575,10580,10395,0.0,10575,0,0
969,2013-10-14,11.288454327783256,22300.3,22311.588454327783,10605,10670,10700,10605,0.0,10670,0,0
970,2013-10-15,11.288454327783256,22519.75,22531.038454327783,10705,10775,10795,10705,0.0,10775,0,0
971,2013-10-16,11.288454327783256,22686.949999999997,22698.23845432778,10815,10855,10870,10790,0.0,10855,0,0
972,2013-10-17,11.288454327783256,22843.699999999997,22854.98845432778,10895,10930,10965,10855,0.0,10930,0,0
973,2013-10-18,11.288454327783256,22875.05,22886.338454327783,10925,10945,10990,10850,0.0,10945,0,0
974,2013-10-21,11.288454327783256,22895.949999999997,22907.23845432778,10995,10955,11015,10890,0.0,10955,0,0
975,2013-10-22,11.288454327783256,22843.699999999997,22854.98845432778,10880,10930,10970,10880,0.0,10930,0,0
976,2013-10-23,11.288454327783256,22530.199999999997,22541.48845432778,10900,10780,10945,10755,0.0,10780,0,0
977,2013-10-24,11.288454327783256,22613.8,22625.088454327783,10735,10820,10820,10675,0.0,10820,0,0
978,2013-10-25,11.288454327783256,22122.649999999998,22133.93845432778,10850,10585,10850,10510,0.0,10585,0,0
979,2013-10-28,11.288454327783256,22018.149999999998,22029.43845432778,10580,10535,10580,10365,0.0,10535,0,0
980,2013-10-29,11.288454327783256,22300.3,22311.588454327783,10580,10670,10685,10580,0.0,10670,0,0
981,2013-10-30,11.288454327783256,22404.8,22416.088454327783,10700,10720,10720,10655,0.0,10720,0,0
982,2013-10-31,11.288454327783256,22101.75,22113.038454327783,10755,10575,10755,10570,0.0,10575,0,0
983,2013-11-01,22227.179855314578,0.0,22227.179855314578,10630,10535,10630,10480,-1.0,10535,0,0
984,2013-11-04,22227.179855314578,0.0,22227.179855314578,10600,10390,10600,10390,0.0,10390,0,0
985,2013-11-05,22227.179855314578,0.0,22227.179855314578,10350,10275,10450,10275,0.0,10275,0,0
986,2013-11-06,22227.179855314578,0.0,22227.179855314578,10250,10300,10400,10250,0.0,10300,0,0
987,2013-11-07,22227.179855314578,0.0,22227.179855314578,10300,10300,10385,10215,0.0,10300,0,0
988,2013-11-08,22227.179855314578,0.0,22227.179855314578,10225,10215,10300,10175,0.0,10215,0,0
989,2013-11-11,22227.179855314578,0.0,22227.179855314578,10215,10170,10280,10130,0.0,10170,0,0
990,2013-11-12,22227.179855314578,0.0,22227.179855314578,10240,10255,10275,10155,0.0,10255,0,0
991,2013-11-13,22227.179855314578,0.0,22227.179855314578,10220,10035,10225,10000,0.0,10035,0,0
992,2013-11-14,22227.179855314578,0.0,22227.179855314578,10100,10020,10135,9920,0.0,10020,0,0
993,2013-11-15,22227.179855314578,0.0,22227.179855314578,10075,10210,10230,10020,0.0,10210,0,0
994,2013-11-18,22227.179855314578,0.0,22227.179855314578,10260,10300,10400,10260,0.0,10300,0,0
995,2013-11-19,22227.179855314578,0.0,22227.179855314578,10310,10455,10455,10300,0.0,10455,0,0
996,2013-11-20,22227.179855314578,0.0,22227.179855314578,10415,10360,10450,10350,0.0,10360,0,0
997,2013-11-21,22227.179855314578,0.0,22227.179855314578,10375,10180,10375,10175,0.0,10180,0,0
998,2013-11-22,22227.179855314578,0.0,22227.179855314578,10265,10295,10330,10225,0.0,10295,0,0
999,2013-11-25,22227.179855314578,0.0,22227.179855314578,10285,10320,10415,10285,0.0,10320,0,0
1000,2013-11-26,22227.179855314578,0.0,22227.179855314578,10300,10300,10315,10200,0.0,10300,0,0
1001,2013-11-27,22227.179855314578,0.0,22227.179855314578,10300,10275,10300,10190,0.0,10275,0,0
1002,2013-11-28,22227.179855314578,0.0,22227.179855314578,10335,10350,10355,10315,0.0,10350,0,0
1003,2013-11-29,22227.179855314578,0.0,22227.179855314578,10350,10345,10405,10345,0.0,10345,0,0
1004,2013-12-02,22227.179855314578,0.0,22227.179855314578,10395,10335,10415,10255,0.0,10335,0,0
1005,2013-12-03,22227.179855314578,0.0,22227.179855314578,10305,10250,10305,10200,0.0,10250,0,0
1006,2013-12-04,22227.179855314578,0.0,22227.179855314578,10210,10195,10225,10165,0.0,10195,0,0
1007,2013-12-05,22227.179855314578,0.0,22227.179855314578,10195,10240,10270,10130,0.0,10240,0,0
1008,2013-12-06,22227.179855314578,0.0,22227.179855314578,10200,10280,10305,10200,0.0,10280,0,0
1009,2013-12-09,22227.179855314578,0.0,22227.179855314578,10330,10280,10350,10250,0.0,10280,0,0
1010,2013-12-10,22227.179855314578,0.0,22227.179855314578,10330,10200,10330,10190,0.0,10200,0,0
1011,2013-12-11,22227.179855314578,0.0,22227.179855314578,10200,10130,10215,10105,0.0,10130,0,0
1012,2013-12-12,22227.179855314578,0.0,22227.179855314578,10090,10120,10135,10025,0.0,10120,0,0
1013,2013-12-13,22227.179855314578,0.0,22227.179855314578,10100,10060,10100,9965,0.0,10060,0,0
1014,2013-12-16,22227.179855314578,0.0,22227.179855314578,10025,10025,10050,9975,0.0,10025,0,0
1015,2013-12-17,22227.179855314578,0.0,22227.179855314578,10090,10100,10125,10040,0.0,10100,0,0
1016,2013-12-18,22227.179855314578,0.0,22227.179855314578,10150,10165,10165,10110,0.0,10165,0,0
1017,2013-12-19,22227.179855314578,0.0,22227.179855314578,10220,10115,10245,10070,0.0,10115,0,0
1018,2013-12-20,22227.179855314578,0.0,22227.179855314578,10115,10060,10130,10040,0.0,10060,0,0
1019,2013-12-23,22227.179855314578,0.0,22227.179855314578,10090,10135,10135,10090,0.0,10135,0,0
1020,2013-12-24,22227.179855314578,0.0,22227.179855314578,10175,10280,10280,10120,0.0,10280,0,0
1021,2013-12-26,10.769855314578308,22215.600000000002,22226.36985531458,10310,10285,10345,10280,1.0,10285,0,0
1022,2013-12-27,10.769855314578308,22615.2,22625.96985531458,10335,10470,10480,10335,0.0,10470,0,0
1023,2013-12-30,10.769855314578308,22788.0,22798.76985531458,10485,10550,10555,10465,0.0,10550,0,0
1024,2014-01-02,10.769855314578308,22464.0,22474.76985531458,10650,10400,10650,10375,0.0,10400,0,0
1025,2014-01-03,10.769855314578308,22269.600000000002,22280.36985531458,10370,10310,10370,10220,0.0,10310,0,0
1026,2014-01-06,10.769855314578308,22064.4,22075.16985531458,10270,10215,10275,10145,0.0,10215,0,0
1027,2014-01-07,10.769855314578308,21924.0,21934.76985531458,10270,10150,10270,10150,0.0,10150,0,0
1028,2014-01-08,22085.16640633538,0.0,22085.16640633538,10220,10040,10220,10000,-1.0,10040,0,0
1029,2014-01-09,22085.16640633538,0.0,22085.16640633538,10050,10020,10070,9975,0.0,10020,0,0
1030,2014-01-10,22085.16640633538,0.0,22085.16640633538,9945,10000,10135,9920,0.0,10000,0,0
1031,2014-01-13,22085.16640633538,0.0,22085.16640633538,10060,10035,10060,9965,0.0,10035,0,0
1032,2014-01-14,22085.16640633538,0.0,22085.16640633538,10035,9905,10035,9875,0.0,9905,0,0
1033,2014-01-15,22085.16640633538,0.0,22085.16640633538,10000,9935,10000,9865,0.0,9935,0,0
1034,2014-01-16,22085.16640633538,0.0,22085.16640633538,9950,9995,9995,9945,0.0,9995,0,0
1035,2014-01-17,22085.16640633538,0.0,22085.16640633538,10035,9970,10035,9930,0.0,9970,0,0
1036,2014-01-20,22085.16640633538,0.0,22085.16640633538,10030,9930,10030,9845,0.0,9930,0,0
1037,2014-01-21,22085.16640633538,0.0,22085.16640633538,10010,10000,10010,9945,0.0,10000,0,0
1038,2014-01-22,22085.16640633538,0.0,22085.16640633538,10045,10035,10045,9990,0.0,10035,0,0
1039,2014-01-23,22085.16640633538,0.0,22085.16640633538,10085,10005,10085,9890,0.0,10005,0,0
1040,2014-01-24,22085.16640633538,0.0,22085.16640633538,10050,9930,10050,9860,0.0,9930,0,0
1041,2014-01-27,22085.16640633538,0.0,22085.16640633538,9930,9715,9930,9565,0.0,9715,0,0
1042,2014-01-28,22085.16640633538,0.0,22085.16640633538,9800,9725,9800,9595,0.0,9725,0,0
1043,2014-01-29,22085.16640633538,0.0,22085.16640633538,9770,9685,9775,9680,0.0,9685,0,0
1044,2014-02-03,22085.16640633538,0.0,22085.16640633538,9750,9590,9855,9510,0.0,9590,0,0
1045,2014-02-04,22085.16640633538,0.0,22085.16640633538,9495,9375,9495,9355,0.0,9375,0,0
1046,2014-02-05,22085.16640633538,0.0,22085.16640633538,9450,9520,9530,9410,0.0,9520,0,0
1047,2014-02-06,22085.16640633538,0.0,22085.16640633538,9565,9540,9610,9515,0.0,9540,0,0
1048,2014-02-07,22085.16640633538,0.0,22085.16640633538,9585,9600,9620,9505,0.0,9600,0,0
1049,2014-02-10,22085.16640633538,0.0,22085.16640633538,9600,9675,9680,9600,0.0,9675,0,0
1050,2014-02-11,22085.16640633538,0.0,22085.16640633538,9645,9710,9710,9585,0.0,9710,0,0
1051,2014-02-12,22085.16640633538,0.0,22085.16640633538,9755,9720,9785,9695,0.0,9720,0,0
1052,2014-02-13,22085.16640633538,0.0,22085.16640633538,9760,9735,9795,9735,0.0,9735,0,0
1053,2014-02-14,22085.16640633538,0.0,22085.16640633538,9780,9790,9810,9780,0.0,9790,0,0
1054,2014-02-17,22085.16640633538,0.0,22085.16640633538,9835,9850,9880,9810,0.0,9850,0,0
1055,2014-02-18,34.366406335379,22050.0,22084.36640633538,9890,9800,9890,9755,1.0,9800,0,0
1056,2014-02-19,34.366406335379,22050.0,22084.36640633538,9835,9800,9835,9740,0.0,9800,0,0
1057,2014-02-20,34.366406335379,21881.25,21915.61640633538,9790,9725,9790,9705,0.0,9725,0,0
1058,2014-02-21,34.366406335379,21993.75,22028.11640633538,9730,9775,9785,9730,0.0,9775,0,0
1059,2014-02-24,21948.568787995377,0.0,21948.568787995377,9740,9685,9780,9685,-1.0,9685,0,0
1060,2014-02-25,4.568787995376624,21943.2,21947.768787995377,9750,9840,9840,9750,1.0,9840,0,0
1061,2014-02-26,4.568787995376624,22010.1,22014.668787995375,9860,9870,9880,9820,0.0,9870,0,0
1062,2014-02-27,4.568787995376624,21965.5,21970.068787995377,9900,9850,9900,9800,0.0,9850,0,0
1063,2014-02-28,4.568787995376624,21709.05,21713.618787995376,9795,9735,9820,9735,0.0,9735,0,0
1064,2014-03-03,21690.529477042375,0.0,21690.529477042375,9725,9660,9725,9625,-1.0,9660,0,0
1065,2014-03-04,21690.529477042375,0.0,21690.529477042375,9700,9620,9700,9620,0.0,9620,0,0
1066,2014-03-05,21690.529477042375,0.0,21690.529477042375,9685,9690,9720,9625,0.0,9690,0,0
1067,2014-03-06,21690.529477042375,0.0,21690.529477042375,9735,9680,9735,9625,0.0,9680,0,0
1068,2014-03-07,21690.529477042375,0.0,21690.529477042375,9725,9705,9725,9665,0.0,9705,0,0
1069,2014-03-10,21690.529477042375,0.0,21690.529477042375,9700,9535,9700,9510,0.0,9535,0,0
1070,2014-03-11,21690.529477042375,0.0,21690.529477042375,9500,9520,9535,9475,0.0,9520,0,0
1071,2014-03-12,21690.529477042375,0.0,21690.529477042375,9520,9415,9520,9395,0.0,9415,0,0
1072,2014-03-13,21690.529477042375,0.0,21690.529477042375,9500,9405,9500,9345,0.0,9405,0,0
1073,2014-03-14,21690.529477042375,0.0,21690.529477042375,9400,9325,9400,9255,0.0,9325,0,0
1074,2014-03-17,21690.529477042375,0.0,21690.529477042375,9395,9395,9400,9320,0.0,9395,0,0
1075,2014-03-18,21690.529477042375,0.0,21690.529477042375,9440,9405,9450,9405,0.0,9405,0,0
1076,2014-03-19,21690.529477042375,0.0,21690.529477042375,9435,9350,9435,9305,0.0,9350,0,0
1077,2014-03-20,21690.529477042375,0.0,21690.529477042375,9410,9070,9410,9045,0.0,9070,0,0
1078,2014-03-21,21690.529477042375,0.0,21690.529477042375,9150,9155,9155,9070,0.0,9155,0,0
1079,2014-03-24,21690.529477042375,0.0,21690.529477042375,9195,9265,9315,9195,0.0,9265,0,0
1080,2014-03-25,21690.529477042375,0.0,21690.529477042375,9260,9320,9340,9215,0.0,9320,0,0
1081,2014-03-26,21690.529477042375,0.0,21690.529477042375,9400,9340,9400,9340,0.0,9340,0,0
1082,2014-03-27,21690.529477042375,0.0,21690.529477042375,9385,9345,9385,9285,0.0,9345,0,0
1083,2014-03-28,21690.529477042375,0.0,21690.529477042375,9275,9330,9350,9275,0.0,9330,0,0
1084,2014-03-31,21690.529477042375,0.0,21690.529477042375,9380,9430,9440,9380,0.0,9430,0,0
1085,2014-04-01,21690.529477042375,0.0,21690.529477042375,9475,9495,9510,9400,0.0,9495,0,0
1086,2014-04-02,21690.529477042375,0.0,21690.529477042375,9540,9475,9540,9475,0.0,9475,0,0
1087,2014-04-03,21690.529477042375,0.0,21690.529477042375,9530,9345,9530,9340,0.0,9345,0,0
1088,2014-04-04,21690.529477042375,0.0,21690.529477042375,9400,9415,9450,9400,0.0,9415,0,0
1089,2014-04-07,29.739477042374347,21659.999999999996,21689.73947704237,9445,9500,9500,9360,1.0,9500,0,0
1090,2014-04-08,29.739477042374347,21785.399999999998,21815.139477042372,9500,9555,9590,9495,0.0,9555,0,0
1091,2014-04-09,29.739477042374347,21853.8,21883.539477042374,9585,9585,9660,9585,0.0,9585,0,0
1092,2014-04-10,29.739477042374347,21842.399999999998,21872.139477042372,9620,9580,9680,9555,0.0,9580,0,0
1093,2014-04-11,29.739477042374347,21773.999999999996,21803.73947704237,9550,9550,9600,9505,0.0,9550,0,0
1094,2014-04-14,29.739477042374347,21648.6,21678.339477042373,9560,9495,9560,9495,0.0,9495,0,0
1095,2014-04-15,29.739477042374347,21568.8,21598.539477042374,9545,9460,9545,9430,0.0,9460,0,0
1096,2014-04-16,29.739477042374347,21523.199999999997,21552.93947704237,9480,9440,9480,9410,0.0,9440,0,0
1097,2014-04-17,29.739477042374347,21557.399999999998,21587.139477042372,9465,9455,9495,9410,0.0,9455,0,0
1098,2014-04-18,29.739477042374347,21796.8,21826.539477042374,9505,9560,9560,9485,0.0,9560,0,0
1099,2014-04-21,29.739477042374347,21899.399999999998,21929.139477042372,9605,9605,9620,9590,0.0,9605,0,0
1100,2014-04-22,29.739477042374347,21808.199999999997,21837.93947704237,9630,9565,9630,9505,0.0,9565,0,0
1101,2014-04-23,29.739477042374347,21762.6,21792.339477042373,9630,9545,9635,9530,0.0,9545,0,0
1102,2014-04-24,29.739477042374347,21477.6,21507.339477042373,9545,9420,9545,9420,0.0,9420,0,0
1103,2014-04-25,21597.754458997573,0.0,21597.754458997573,9460,9350,9460,9300,-1.0,9350,0,0
1104,2014-04-28,21597.754458997573,0.0,21597.754458997573,9295,9315,9345,9295,0.0,9315,0,0
1105,2014-04-29,21597.754458997573,0.0,21597.754458997573,9200,9180,9205,9130,0.0,9180,0,0
1106,2014-04-30,21597.754458997573,0.0,21597.754458997573,9160,9175,9200,9150,0.0,9175,0,0
1107,2014-05-02,21597.754458997573,0.0,21597.754458997573,9200,9160,9200,9105,0.0,9160,0,0
1108,2014-05-07,21597.754458997573,0.0,21597.754458997573,9145,8965,9145,8955,0.0,8965,0,0
1109,2014-05-08,21597.754458997573,0.0,21597.754458997573,8965,8920,8965,8850,0.0,8920,0,0
1110,2014-05-09,21597.754458997573,0.0,21597.754458997573,8910,8840,8910,8800,0.0,8840,0,0
1111,2014-05-12,21597.754458997573,0.0,21597.754458997573,8870,8755,8870,8735,0.0,8755,0,0
1112,2014-05-13,21597.754458997573,0.0,21597.754458997573,8810,8895,8960,8810,0.0,8895,0,0
1113,2014-05-14,21597.754458997573,0.0,21597.754458997573,8935,8960,8975,8930,0.0,8960,0,0
1114,2014-05-15,21597.754458997573,0.0,21597.754458997573,8975,8975,9030,8975,0.0,8975,0,0
1115,2014-05-16,21597.754458997573,0.0,21597.754458997573,8975,9010,9015,8975,0.0,9010,0,0
1116,2014-05-19,21597.754458997573,0.0,21597.754458997573,9020,9040,9040,9010,0.0,9040,0,0
1117,2014-05-20,21597.754458997573,0.0,21597.754458997573,9050,9010,9070,8990,0.0,9010,0,0
1118,2014-05-21,21597.754458997573,0.0,21597.754458997573,8985,9025,9025,8970,0.0,9025,0,0
1119,2014-05-22,21597.754458997573,0.0,21597.754458997573,9070,9165,9210,9055,0.0,9165,0,0
1120,2014-05-23,21597.754458997573,0.0,21597.754458997573,9185,9125,9185,9090,0.0,9125,0,0
1121,2014-05-26,21597.754458997573,0.0,21597.754458997573,9125,9100,9130,9065,0.0,9100,0,0
1122,2014-05-27,21597.754458997573,0.0,21597.754458997573,9095,9080,9160,9020,0.0,9080,0,0
1123,2014-05-28,21597.754458997573,0.0,21597.754458997573,9075,9130,9130,9030,0.0,9130,0,0
1124,2014-05-29,21597.754458997573,0.0,21597.754458997573,9100,8980,9100,8935,0.0,8980,0,0
1125,2014-05-30,21597.754458997573,0.0,21597.754458997573,8970,8885,8970,8855,0.0,8885,0,0
1126,2014-06-02,21597.754458997573,0.0,21597.754458997573,8890,8930,8940,8885,0.0,8930,0,0
1127,2014-06-03,21597.754458997573,0.0,21597.754458997573,8960,8970,8970,8870,0.0,8970,0,0
1128,2014-06-05,21597.754458997573,0.0,21597.754458997573,8960,8895,8960,8810,0.0,8895,0,0
1129,2014-06-09,21597.754458997573,0.0,21597.754458997573,8945,9005,9070,8940,0.0,9005,0,0
1130,2014-06-10,21597.754458997573,0.0,21597.754458997573,9025,9110,9110,9025,0.0,9110,0,0
1131,2014-06-11,21597.754458997573,0.0,21597.754458997573,9095,9115,9130,9030,0.0,9115,0,0
1132,2014-06-12,53.67445899757149,21543.3,21596.97445899757,9110,9090,9115,9030,1.0,9090,0,0
1133,2014-06-13,53.67445899757149,21602.55,21656.22445899757,9115,9115,9115,9030,0.0,9115,0,0
1134,2014-06-16,53.67445899757149,22017.3,22070.97445899757,9195,9290,9320,9190,0.0,9290,0,0
1135,2014-06-17,53.67445899757149,21886.95,21940.624458997572,9300,9235,9320,9235,0.0,9235,0,0
1136,2014-06-18,53.67445899757149,21839.55,21893.22445899757,9305,9215,9305,9185,0.0,9215,0,0
1137,2014-06-19,53.67445899757149,22064.7,22118.374458997572,9220,9310,9320,9220,0.0,9310,0,0
1138,2014-06-20,53.67445899757149,21638.100000000002,21691.774458997574,9310,9130,9310,9120,0.0,9130,0,0
1139,2014-06-23,53.67445899757149,21839.55,21893.22445899757,9135,9215,9280,9135,0.0,9215,0,0
1140,2014-06-24,53.67445899757149,22005.45,22059.124458997572,9245,9285,9300,9235,0.0,9285,0,0
1141,2014-06-25,53.67445899757149,22076.55,22130.22445899757,9290,9315,9320,9260,0.0,9315,0,0
1142,2014-06-26,53.67445899757149,22123.95,22177.624458997572,9315,9335,9355,9265,0.0,9335,0,0
1143,2014-06-27,53.67445899757149,22242.45,22296.124458997572,9335,9385,9420,9330,0.0,9385,0,0
1144,2014-06-30,53.67445899757149,22396.5,22450.17445899757,9410,9450,9450,9385,0.0,9450,0,0
1145,2014-07-01,53.67445899757149,22242.45,22296.124458997572,9450,9385,9450,9350,0.0,9385,0,0
1146,2014-07-02,53.67445899757149,22254.3,22307.97445899757,9400,9390,9450,9385,0.0,9390,0,0
1147,2014-07-03,53.67445899757149,21946.2,21999.874458997572,9390,9260,9390,9260,0.0,9260,0,0
1148,2014-07-04,53.67445899757149,21981.75,22035.42445899757,9305,9275,9305,9225,0.0,9275,0,0
1149,2014-07-07,53.67445899757149,21827.7,21881.374458997572,9250,9210,9265,9180,0.0,9210,0,0
1150,2014-07-08,21773.93389966177,0.0,21773.93389966177,9165,9115,9195,9110,-1.0,9115,0,0
1151,2014-07-09,21773.93389966177,0.0,21773.93389966177,9100,9070,9100,9030,0.0,9070,0,0
1152,2014-07-10,21773.93389966177,0.0,21773.93389966177,9095,9100,9110,9040,0.0,9100,0,0
1153,2014-07-11,21773.93389966177,0.0,21773.93389966177,9035,9030,9040,8990,0.0,9030,0,0
1154,2014-07-14,21773.93389966177,0.0,21773.93389966177,9040,8980,9040,8975,0.0,8980,0,0
1155,2014-07-15,21773.93389966177,0.0,21773.93389966177,9010,9065,9205,9005,0.0,9065,0,0
1156,2014-07-16,21773.93389966177,0.0,21773.93389966177,9110,9115,9175,9100,0.0,9115,0,0
1157,2014-07-17,21773.93389966177,0.0,21773.93389966177,9155,9245,9245,9155,0.0,9245,0,0
1158,2014-07-18,21773.93389966177,0.0,21773.93389966177,9195,9255,9255,9160,0.0,9255,0,0
1159,2014-07-21,21773.93389966177,0.0,21773.93389966177,9245,9120,9245,9105,0.0,9120,0,0
1160,2014-07-22,21773.93389966177,0.0,21773.93389966177,9090,9120,9140,9075,0.0,9120,0,0
1161,2014-07-23,21773.93389966177,0.0,21773.93389966177,9110,9155,9200,9110,0.0,9155,0,0
1162,2014-07-24,21773.93389966177,0.0,21773.93389966177,9195,9230,9290,9195,0.0,9230,0,0
1163,2014-07-25,47.393899661768955,21725.75,21773.14389966177,9270,9245,9270,9185,1.0,9245,0,0
1164,2014-07-28,47.393899661768955,21678.75,21726.14389966177,9240,9225,9250,9180,0.0,9225,0,0
1165,2014-07-29,47.393899661768955,21949.0,21996.39389966177,9250,9340,9350,9250,0.0,9340,0,0
1166,2014-07-30,47.393899661768955,21784.5,21831.89389966177,9350,9270,9365,9260,0.0,9270,0,0
1167,2014-07-31,47.393899661768955,21855.0,21902.39389966177,9270,9300,9310,9270,0.0,9300,0,0
1168,2014-08-01,47.393899661768955,22031.25,22078.64389966177,9250,9375,9410,9250,0.0,9375,0,0
1169,2014-08-04,47.393899661768955,22054.75,22102.14389966177,9420,9385,9450,9330,0.0,9385,0,0
1170,2014-08-05,47.393899661768955,21608.25,21655.64389966177,9355,9195,9355,9150,0.0,9195,0,0
1171,2014-08-06,47.393899661768955,21479.0,21526.39389966177,9145,9140,9200,9125,0.0,9140,0,0
1172,2014-08-07,21525.61214997777,0.0,21525.61214997777,9140,9060,9140,9030,-1.0,9060,0,0
1173,2014-08-08,21525.61214997777,0.0,21525.61214997777,9050,8970,9100,8930,0.0,8970,0,0
1174,2014-08-11,21525.61214997777,0.0,21525.61214997777,9025,8965,9025,8965,0.0,8965,0,0
1175,2014-08-12,21525.61214997777,0.0,21525.61214997777,8965,8945,9040,8920,0.0,8945,0,0
1176,2014-08-13,21525.61214997777,0.0,21525.61214997777,8975,8960,8980,8885,0.0,8960,0,0
1177,2014-08-14,21525.61214997777,0.0,21525.61214997777,8955,8960,9005,8940,0.0,8960,0,0
1178,2014-08-18,21525.61214997777,0.0,21525.61214997777,9005,8895,9005,8870,0.0,8895,0,0
1179,2014-08-19,21525.61214997777,0.0,21525.61214997777,8890,8920,8970,8890,0.0,8920,0,0
1180,2014-08-20,21525.61214997777,0.0,21525.61214997777,8925,8840,8945,8770,0.0,8840,0,0
1181,2014-08-21,21525.61214997777,0.0,21525.61214997777,8815,8780,8845,8715,0.0,8780,0,0
1182,2014-08-22,21525.61214997777,0.0,21525.61214997777,8745,8860,8860,8740,0.0,8860,0,0
1183,2014-08-25,21525.61214997777,0.0,21525.61214997777,8825,8840,8900,8815,0.0,8840,0,0
1184,2014-08-26,21525.61214997777,0.0,21525.61214997777,8815,8860,8890,8815,0.0,8860,0,0
1185,2014-08-27,21525.61214997777,0.0,21525.61214997777,8855,8850,8890,8830,0.0,8850,0,0
1186,2014-08-28,21525.61214997777,0.0,21525.61214997777,8820,8840,8870,8795,0.0,8840,0,0
1187,2014-08-29,21525.61214997777,0.0,21525.61214997777,8825,8825,8840,8750,0.0,8825,0,0
1188,2014-09-01,21525.61214997777,0.0,21525.61214997777,8740,8740,8800,8725,0.0,8740,0,0
1189,2014-09-02,21525.61214997777,0.0,21525.61214997777,8750,8670,8760,8610,0.0,8670,0,0
1190,2014-09-03,21525.61214997777,0.0,21525.61214997777,8615,8540,8640,8525,0.0,8540,0,0
1191,2014-09-04,21525.61214997777,0.0,21525.61214997777,8565,8590,8595,8550,0.0,8590,0,0
1192,2014-09-05,21525.61214997777,0.0,21525.61214997777,8575,8655,8690,8575,0.0,8655,0,0
1193,2014-09-11,21525.61214997777,0.0,21525.61214997777,8650,8590,8650,8590,0.0,8590,0,0
1194,2014-09-12,21525.61214997777,0.0,21525.61214997777,8605,8590,8620,8590,0.0,8590,0,0
1195,2014-09-15,21525.61214997777,0.0,21525.61214997777,8575,8595,8595,8535,0.0,8595,0,0
1196,2014-09-16,21525.61214997777,0.0,21525.61214997777,8585,8575,8595,8560,0.0,8575,0,0
1197,2014-09-17,21525.61214997777,0.0,21525.61214997777,8610,8700,8725,8595,0.0,8700,0,0
1198,2014-09-18,21525.61214997777,0.0,21525.61214997777,8700,8675,8705,8670,0.0,8675,0,0
1199,2014-09-19,21525.61214997777,0.0,21525.61214997777,8715,8715,8720,8695,0.0,8715,0,0
1200,2014-09-22,21525.61214997777,0.0,21525.61214997777,8740,8590,8740,8565,0.0,8590,0,0
1201,2014-09-23,21525.61214997777,0.0,21525.61214997777,8590,8550,8595,8485,0.0,8550,0,0
1202,2014-09-24,21525.61214997777,0.0,21525.61214997777,8495,8500,8510,8470,0.0,8500,0,0
1203,2014-09-25,21525.61214997777,0.0,21525.61214997777,8515,8550,8550,8480,0.0,8550,0,0
1204,2014-09-26,21525.61214997777,0.0,21525.61214997777,8445,8395,8455,8365,0.0,8395,0,0
1205,2014-09-29,21525.61214997777,0.0,21525.61214997777,8375,8170,8375,8140,0.0,8170,0,0
1206,2014-09-30,21525.61214997777,0.0,21525.61214997777,8130,8155,8190,8110,0.0,8155,0,0
1207,2014-10-01,21525.61214997777,0.0,21525.61214997777,8100,8000,8130,7995,0.0,8000,0,0
1208,2014-10-02,21525.61214997777,0.0,21525.61214997777,7955,7890,7955,7830,0.0,7890,0,0
1209,2014-10-06,21525.61214997777,0.0,21525.61214997777,7890,7930,7980,7885,0.0,7930,0,0
1210,2014-10-07,21525.61214997777,0.0,21525.61214997777,7955,7865,7980,7820,0.0,7865,0,0
1211,2014-10-08,21525.61214997777,0.0,21525.61214997777,7795,7835,7885,7755,0.0,7835,0,0
1212,2014-10-10,21525.61214997777,0.0,21525.61214997777,7830,7645,7830,7610,0.0,7645,0,0
1213,2014-10-13,21525.61214997777,0.0,21525.61214997777,7590,7570,7615,7470,0.0,7570,0,0
1214,2014-10-14,21525.61214997777,0.0,21525.61214997777,7580,7625,7745,7570,0.0,7625,0,0
1215,2014-10-15,21525.61214997777,0.0,21525.61214997777,7625,7500,7640,7480,0.0,7500,0,0
1216,2014-10-16,21525.61214997777,0.0,21525.61214997777,7455,7440,7460,7335,0.0,7440,0,0
1217,2014-10-17,21525.61214997777,0.0,21525.61214997777,7470,7430,7515,7385,0.0,7430,0,0
1218,2014-10-20,21525.61214997777,0.0,21525.61214997777,7515,7565,7565,7510,0.0,7565,0,0
1219,2014-10-21,21525.61214997777,0.0,21525.61214997777,7525,7200,7525,7175,0.0,7200,0,0
1220,2014-10-22,21525.61214997777,0.0,21525.61214997777,7310,7270,7310,7240,0.0,7270,0,0
1221,2014-10-23,21525.61214997777,0.0,21525.61214997777,7240,7120,7245,7090,0.0,7120,0,0
1222,2014-10-24,21525.61214997777,0.0,21525.61214997777,7175,7055,7205,7030,0.0,7055,0,0
1223,2014-10-27,21525.61214997777,0.0,21525.61214997777,7120,7325,7325,7105,0.0,7325,0,0
1224,2014-10-28,21525.61214997777,0.0,21525.61214997777,7300,7185,7300,7165,0.0,7185,0,0
1225,2014-10-29,21525.61214997777,0.0,21525.61214997777,7240,7470,7530,7220,0.0,7470,0,0
1226,2014-10-30,21525.61214997777,0.0,21525.61214997777,7515,7355,7530,7320,0.0,7355,0,0
1227,2014-10-31,21525.61214997777,0.0,21525.61214997777,7405,7300,7405,7290,0.0,7300,0,0
1228,2014-11-03,21525.61214997777,0.0,21525.61214997777,7310,7185,7310,7180,0.0,7185,0,0
1229,2014-11-04,21525.61214997777,0.0,21525.61214997777,7175,6900,7175,6875,0.0,6900,0,0
1230,2014-11-05,21525.61214997777,0.0,21525.61214997777,6835,6885,6895,6785,0.0,6885,0,0
1231,2014-11-06,21525.61214997777,0.0,21525.61214997777,6950,7145,7145,6920,0.0,7145,0,0
1232,2014-11-07,21525.61214997777,0.0,21525.61214997777,7125,7190,7200,7085,0.0,7190,0,0
1233,2014-11-10,21525.61214997777,0.0,21525.61214997777,7170,7215,7250,7170,0.0,7215,0,0
1234,2014-11-11,21525.61214997777,0.0,21525.61214997777,7215,7195,7215,7160,0.0,7195,0,0
1235,2014-11-12,21525.61214997777,0.0,21525.61214997777,7215,7500,7500,7215,0.0,7500,0,0
1236,2014-11-13,21525.61214997777,0.0,21525.61214997777,7500,7445,7535,7430,0.0,7445,0,0
1237,2014-11-14,5.382149977769586,21519.45,21524.83214997777,7445,7395,7445,7290,1.0,7395,0,0
1238,2014-11-17,5.382149977769586,21868.65,21874.03214997777,7400,7515,7540,7375,0.0,7515,0,0
1239,2014-11-18,5.382149977769586,21897.75,21903.13214997777,7490,7525,7545,7460,0.0,7525,0,0
1240,2014-11-19,5.382149977769586,21606.75,21612.13214997777,7525,7425,7530,7365,0.0,7425,0,0
1241,2014-11-20,5.382149977769586,21592.2,21597.58214997777,7395,7420,7445,7350,0.0,7420,0,0
1242,2014-11-21,5.382149977769586,21810.45,21815.83214997777,7415,7495,7505,7415,0.0,7495,0,0
1243,2014-11-24,5.382149977769586,22930.800000000003,22936.182149977772,7700,7880,7980,7685,0.0,7880,0,0
1244,2014-11-25,5.382149977769586,22770.75,22776.13214997777,7910,7825,7945,7820,0.0,7825,0,0
1245,2014-11-26,5.382149977769586,22698.0,22703.38214997777,7820,7800,7820,7725,0.0,7800,0,0
1246,2014-11-27,5.382149977769586,22174.2,22179.58214997777,7755,7620,7755,7560,0.0,7620,0,0
1247,2014-11-28,5.382149977769586,21795.9,21801.28214997777,7460,7490,7500,7390,0.0,7490,0,0
1248,2014-12-01,5.382149977769586,21010.2,21015.58214997777,7360,7220,7360,7195,0.0,7220,0,0
1249,2014-12-02,21160.31216712057,0.0,21160.31216712057,7270,7275,7330,7235,-1.0,7275,0,0
1250,2014-12-03,21160.31216712057,0.0,21160.31216712057,7235,7335,7345,7230,0.0,7335,0,0
1251,2014-12-04,21160.31216712057,0.0,21160.31216712057,7360,7415,7445,7360,0.0,7415,0,0
1252,2014-12-05,21160.31216712057,0.0,21160.31216712057,7410,7450,7465,7390,0.0,7450,0,0
1253,2014-12-08,21160.31216712057,0.0,21160.31216712057,7450,7475,7525,7450,0.0,7475,0,0
1254,2014-12-09,21160.31216712057,0.0,21160.31216712057,7400,7345,7420,7345,0.0,7345,0,0
1255,2014-12-10,21160.31216712057,0.0,21160.31216712057,7345,7140,7345,7135,0.0,7140,0,0
1256,2014-12-11,21160.31216712057,0.0,21160.31216712057,7005,7070,7105,6975,0.0,7070,0,0
1257,2014-12-12,21160.31216712057,0.0,21160.31216712057,7070,7095,7105,7055,0.0,7095,0,0
1258,2014-12-15,21160.31216712057,0.0,21160.31216712057,7010,7265,7265,6970,0.0,7265,0,0
1259,2014-12-16,21160.31216712057,0.0,21160.31216712057,7200,7230,7310,7150,0.0,7230,0,0
1260,2014-12-17,21160.31216712057,0.0,21160.31216712057,7305,7370,7375,7285,0.0,7370,0,0
1261,2014-12-18,21160.31216712057,0.0,21160.31216712057,7470,7355,7480,7230,0.0,7355,0,0
1262,2014-12-19,21160.31216712057,0.0,21160.31216712057,7395,7365,7395,7275,0.0,7365,0,0
1263,2014-12-22,21160.31216712057,0.0,21160.31216712057,7385,7460,7490,7345,0.0,7460,0,0
1264,2014-12-23,24.142167120571685,21135.399999999998,21159.54216712057,7450,7390,7450,7345,1.0,7390,0,0
1265,2014-12-24,24.142167120571685,21307.0,21331.14216712057,7375,7450,7450,7330,0.0,7450,0,0
1266,2014-12-26,24.142167120571685,21235.5,21259.64216712057,7435,7425,7480,7425,0.0,7425,0,0
1267,2014-12-29,24.142167120571685,21235.5,21259.64216712057,7440,7425,7460,7380,0.0,7425,0,0
1268,2014-12-30,24.142167120571685,21006.7,21030.842167120572,7410,7345,7430,7300,0.0,7345,0,0
1269,2015-01-02,24.142167120571685,20906.6,20930.74216712057,7300,7310,7315,7235,0.0,7310,0,0
1270,2015-01-05,20844.18437328377,0.0,20844.18437328377,7280,7205,7280,7110,-1.0,7205,0,0
1271,2015-01-06,20844.18437328377,0.0,20844.18437328377,7040,6965,7100,6950,0.0,6965,0,0
1272,2015-01-07,20844.18437328377,0.0,20844.18437328377,6945,6960,7045,6935,0.0,6960,0,0
1273,2015-01-08,20844.18437328377,0.0,20844.18437328377,7000,7045,7060,7000,0.0,7045,0,0
1274,2015-01-09,20844.18437328377,0.0,20844.18437328377,7150,7230,7230,7085,0.0,7230,0,0
1275,2015-01-12,20844.18437328377,0.0,20844.18437328377,7210,7280,7315,7200,0.0,7280,0,0
1276,2015-01-13,20844.18437328377,0.0,20844.18437328377,7250,7235,7265,7170,0.0,7235,0,0
1277,2015-01-14,20844.18437328377,0.0,20844.18437328377,7255,7240,7285,7215,0.0,7240,0,0
1278,2015-01-15,20844.18437328377,0.0,20844.18437328377,7290,7280,7320,7195,0.0,7280,0,0
1279,2015-01-16,20844.18437328377,0.0,20844.18437328377,7260,7135,7260,7115,0.0,7135,0,0
1280,2015-01-19,39.424373283771274,20804.0,20843.42437328377,7265,7430,7440,7265,1.0,7430,0,0
1281,2015-01-20,39.424373283771274,20986.0,21025.42437328377,7445,7495,7550,7445,0.0,7495,0,0
1282,2015-01-21,39.424373283771274,21000.0,21039.42437328377,7440,7500,7500,7390,0.0,7500,0,0
1283,2015-01-22,39.424373283771274,21448.0,21487.42437328377,7575,7660,7665,7565,0.0,7660,0,0
1284,2015-01-23,39.424373283771274,21476.0,21515.42437328377,7745,7670,7785,7650,0.0,7670,0,0
1285,2015-01-26,39.424373283771274,21252.0,21291.42437328377,7690,7590,7690,7580,0.0,7590,0,0
1286,2015-01-27,39.424373283771274,22092.0,22131.42437328377,7635,7890,7890,7625,0.0,7890,0,0
1287,2015-01-28,39.424373283771274,22218.0,22257.42437328377,7880,7935,7935,7860,0.0,7935,0,0
1288,2015-01-29,39.424373283771274,21980.0,22019.42437328377,7845,7850,7875,7765,0.0,7850,0,0
1289,2015-01-30,39.424373283771274,22204.0,22243.42437328377,7915,7930,7935,7850,0.0,7930,0,0
1290,2015-02-02,39.424373283771274,22582.0,22621.42437328377,8080,8065,8170,8065,0.0,8065,0,0
1291,2015-02-03,39.424373283771274,22932.0,22971.42437328377,8180,8190,8200,8040,0.0,8190,0,0
1292,2015-02-04,39.424373283771274,22876.0,22915.42437328377,8335,8170,8350,8150,0.0,8170,0,0
1293,2015-02-05,39.424373283771274,22344.0,22383.42437328377,8115,7980,8115,7980,0.0,7980,0,0
1294,2015-02-06,39.424373283771274,22834.0,22873.42437328377,8070,8155,8155,8020,0.0,8155,0,0
1295,2015-02-09,39.424373283771274,23002.0,23041.42437328377,8195,8215,8250,8160,0.0,8215,0,0
1296,2015-02-10,39.424373283771274,22960.0,22999.42437328377,8190,8200,8345,8190,0.0,8200,0,0
1297,2015-02-11,39.424373283771274,22834.0,22873.42437328377,8195,8155,8245,8155,0.0,8155,0,0
1298,2015-02-12,39.424373283771274,22568.0,22607.42437328377,8175,8060,8175,8005,0.0,8060,0,0
1299,2015-02-13,39.424373283771274,22960.0,22999.42437328377,8135,8200,8200,8135,0.0,8200,0,0
1300,2015-02-16,39.424373283771274,22806.0,22845.42437328377,8260,8145,8300,8130,0.0,8145,0,0
1301,2015-02-17,39.424373283771274,23002.0,23041.42437328377,8160,8215,8240,8115,0.0,8215,0,0
1302,2015-02-23,39.424373283771274,23156.0,23195.42437328377,8240,8270,8285,8240,0.0,8270,0,0
1303,2015-02-24,39.424373283771274,23254.0,23293.42437328377,8270,8305,8320,8230,0.0,8305,0,0
1304,2015-02-25,39.424373283771274,24052.0,24091.42437328377,8350,8590,8590,8350,0.0,8590,0,0
1305,2015-02-26,39.424373283771274,24360.0,24399.42437328377,8630,8700,8700,8600,0.0,8700,0,0
1306,2015-02-27,39.424373283771274,24304.0,24343.42437328377,8605,8680,8680,8560,0.0,8680,0,0
1307,2015-03-02,39.424373283771274,24710.0,24749.42437328377,8715,8825,8855,8710,0.0,8825,0,0
1308,2015-03-03,39.424373283771274,24556.0,24595.42437328377,8795,8770,8795,8700,0.0,8770,0,0
1309,2015-03-04,39.424373283771274,23940.0,23979.42437328377,8780,8550,8780,8550,0.0,8550,0,0
1310,2015-03-05,39.424373283771274,24262.0,24301.42437328377,8590,8665,8700,8570,0.0,8665,0,0
1311,2015-03-06,39.424373283771274,24654.0,24693.42437328377,8665,8805,8820,8665,0.0,8805,0,0
1312,2015-03-09,39.424373283771274,24556.0,24595.42437328377,8730,8770,8810,8725,0.0,8770,0,0
1313,2015-03-10,39.424373283771274,24276.0,24315.42437328377,8820,8670,8830,8645,0.0,8670,0,0
1314,2015-03-11,39.424373283771274,24010.0,24049.42437328377,8580,8575,8620,8530,0.0,8575,0,0
1315,2015-03-12,39.424373283771274,23926.0,23965.42437328377,8600,8545,8650,8505,0.0,8545,0,0
1316,2015-03-13,39.424373283771274,23828.0,23867.42437328377,8560,8510,8565,8485,0.0,8510,0,0
1317,2015-03-16,39.424373283771274,22876.0,22915.42437328377,8440,8170,8440,8170,0.0,8170,0,0
1318,2015-03-17,22970.58974021177,0.0,22970.58974021177,8190,8380,8380,8190,-1.0,8380,0,0
1319,2015-03-18,22970.58974021177,0.0,22970.58974021177,8400,8320,8400,8260,0.0,8320,0,0
1320,2015-03-19,22970.58974021177,0.0,22970.58974021177,8490,8550,8575,8470,0.0,8550,0,0
1321,2015-03-20,22970.58974021177,0.0,22970.58974021177,8495,8540,8540,8400,0.0,8540,0,0
1322,2015-03-23,2.1497402117711317,22967.600000000002,22969.749740211773,8615,8570,8645,8550,1.0,8570,0,0
1323,2015-03-24,2.1497402117711317,22994.4,22996.549740211773,8525,8580,8600,8510,0.0,8580,0,0
1324,2015-03-25,2.1497402117711317,22659.4,22661.549740211773,8620,8455,8620,8455,0.0,8455,0,0
1325,2015-03-26,2.1497402117711317,22833.600000000002,22835.749740211773,8460,8520,8550,8460,0.0,8520,0,0
1326,2015-03-27,2.1497402117711317,22753.2,22755.349740211772,8560,8490,8590,8490,0.0,8490,0,0
1327,2015-03-30,2.1497402117711317,22847.0,22849.14974021177,8510,8525,8525,8400,0.0,8525,0,0
1328,2015-03-31,2.1497402117711317,23021.2,23023.349740211772,8565,8590,8590,8505,0.0,8590,0,0
1329,2015-04-01,2.1497402117711317,23101.600000000002,23103.749740211773,8585,8620,8620,8430,0.0,8620,0,0
1330,2015-04-02,2.1497402117711317,23369.600000000002,23371.749740211773,8695,8720,8795,8695,0.0,8720,0,0
1331,2015-04-03,2.1497402117711317,23450.0,23452.14974021177,8720,8750,8750,8650,0.0,8750,0,0
1332,2015-04-06,2.1497402117711317,23369.600000000002,23371.749740211773,8745,8720,8745,8645,0.0,8720,0,0
1333,2015-04-07,2.1497402117711317,23490.2,23492.349740211772,8850,8765,8885,8760,0.0,8765,0,0
1334,2015-04-08,2.1497402117711317,24441.600000000002,24443.749740211773,8835,9120,9120,8835,0.0,9120,0,0
1335,2015-04-09,2.1497402117711317,24870.4,24872.549740211773,9090,9280,9305,9055,0.0,9280,0,0
1336,2015-04-10,2.1497402117711317,25084.800000000003,25086.949740211774,9345,9360,9360,9235,0.0,9360,0,0
1337,2015-04-13,2.1497402117711317,25902.2,25904.349740211772,9430,9665,9670,9415,0.0,9665,0,0
1338,2015-04-14,2.1497402117711317,25754.800000000003,25756.949740211774,9705,9610,9705,9495,0.0,9610,0,0
1339,2015-04-15,2.1497402117711317,26223.800000000003,26225.949740211774,9730,9785,9785,9630,0.0,9785,0,0
1340,2015-04-16,2.1497402117711317,25754.800000000003,25756.949740211774,9950,9610,10000,9570,0.0,9610,0,0
1341,2015-04-17,2.1497402117711317,25540.4,25542.549740211773,9655,9530,9655,9400,0.0,9530,0,0
1342,2015-04-20,2.1497402117711317,26893.800000000003,26895.949740211774,9495,10035,10035,9460,0.0,10035,0,0
1343,2015-04-21,2.1497402117711317,26692.800000000003,26694.949740211774,10080,9960,10080,9940,0.0,9960,0,0
1344,2015-04-22,2.1497402117711317,26987.600000000002,26989.749740211773,10025,10070,10200,9950,0.0,10070,0,0
1345,2015-04-23,2.1497402117711317,27403.0,27405.14974021177,10110,10225,10280,10065,0.0,10225,0,0
1346,2015-04-24,2.1497402117711317,27161.800000000003,27163.949740211774,10305,10135,10355,10030,0.0,10135,0,0
1347,2015-04-27,2.1497402117711317,26746.4,26748.549740211773,10180,9980,10190,9930,0.0,9980,0,0
1348,2015-04-28,2.1497402117711317,26974.2,26976.349740211772,10020,10065,10110,9990,0.0,10065,0,0
1349,2015-04-29,2.1497402117711317,26733.0,26735.14974021177,10050,9975,10120,9850,0.0,9975,0,0
1350,2015-04-30,2.1497402117711317,26545.4,26547.549740211773,10010,9905,10025,9860,0.0,9905,0,0
1351,2015-05-04,2.1497402117711317,26625.800000000003,26627.949740211774,9990,9935,10005,9905,0.0,9935,0,0
1352,2015-05-06,2.1497402117711317,26585.600000000002,26587.749740211773,9995,9920,10010,9870,0.0,9920,0,0
1353,2015-05-07,2.1497402117711317,26022.800000000003,26024.949740211774,9925,9710,9925,9640,0.0,9710,0,0
1354,2015-05-08,2.1497402117711317,25969.2,25971.349740211772,9730,9690,9775,9555,0.0,9690,0,0
1355,2015-05-11,2.1497402117711317,26250.600000000002,26252.749740211773,9735,9795,9875,9735,0.0,9795,0,0
1356,2015-05-12,2.1497402117711317,26317.600000000002,26319.749740211773,9790,9820,9845,9740,0.0,9820,0,0
1357,2015-05-13,2.1497402117711317,26733.0,26735.14974021177,9860,9975,9985,9835,0.0,9975,0,0
1358,2015-05-14,2.1497402117711317,26063.0,26065.14974021177,9975,9725,9975,9700,0.0,9725,0,0
1359,2015-05-15,26198.19627419977,0.0,26198.19627419977,9775,9550,9775,9540,-1.0,9550,0,0
1360,2015-05-18,26198.19627419977,0.0,26198.19627419977,9555,9475,9595,9455,0.0,9475,0,0
1361,2015-05-19,26198.19627419977,0.0,26198.19627419977,9505,9715,9715,9420,0.0,9715,0,0
1362,2015-05-20,26198.19627419977,0.0,26198.19627419977,9660,9450,9660,9425,0.0,9450,0,0
1363,2015-05-21,26198.19627419977,0.0,26198.19627419977,9470,9485,9540,9445,0.0,9485,0,0
1364,2015-05-22,26198.19627419977,0.0,26198.19627419977,9575,9830,9865,9575,0.0,9830,0,0
1365,2015-05-26,26198.19627419977,0.0,26198.19627419977,9850,9835,9860,9700,0.0,9835,0,0
1366,2015-05-27,26198.19627419977,0.0,26198.19627419977,9725,9600,9725,9540,0.0,9600,0,0
1367,2015-05-28,26198.19627419977,0.0,26198.19627419977,9640,9550,9640,9525,0.0,9550,0,0
1368,2015-05-29,26198.19627419977,0.0,26198.19627419977,9480,9490,9575,9465,0.0,9490,0,0
1369,2015-06-01,26198.19627419977,0.0,26198.19627419977,9590,9590,9635,9555,0.0,9590,0,0
1370,2015-06-02,26198.19627419977,0.0,26198.19627419977,9570,9545,9660,9465,0.0,9545,0,0
1371,2015-06-03,26198.19627419977,0.0,26198.19627419977,9615,9675,9780,9615,0.0,9675,0,0
1372,2015-06-04,26198.19627419977,0.0,26198.19627419977,9630,9585,9630,9480,0.0,9585,0,0
1373,2015-06-05,26198.19627419977,0.0,26198.19627419977,9540,9470,9540,9435,0.0,9470,0,0
1374,2015-06-08,26198.19627419977,0.0,26198.19627419977,9490,9650,9700,9480,0.0,9650,0,0
1375,2015-06-09,9.546274199768959,26187.7,26197.24627419977,9650,9845,9910,9650,1.0,9845,0,0
1376,2015-06-10,9.546274199768959,26267.5,26277.04627419977,9960,9875,10020,9850,0.0,9875,0,0
1377,2015-06-11,9.546274199768959,26147.800000000003,26157.346274199772,9980,9830,10030,9765,0.0,9830,0,0
1378,2015-06-12,9.546274199768959,25735.5,25745.04627419977,9795,9675,9865,9635,0.0,9675,0,0
1379,2015-06-15,9.546274199768959,25775.4,25784.94627419977,9650,9690,9860,9570,0.0,9690,0,0
1380,2015-06-16,9.546274199768959,25775.4,25784.94627419977,9735,9690,9755,9500,0.0,9690,0,0
1381,2015-06-17,9.546274199768959,26413.800000000003,26423.346274199772,9690,9930,9930,9670,0.0,9930,0,0
1382,2015-06-18,9.546274199768959,27078.800000000003,27088.346274199772,9985,10180,10195,9985,0.0,10180,0,0
1383,2015-06-19,9.546274199768959,27225.100000000002,27234.64627419977,10260,10235,10305,10190,0.0,10235,0,0
1384,2015-06-22,9.546274199768959,26626.600000000002,26636.14627419977,10260,10010,10280,9965,0.0,10010,0,0
1385,2015-06-23,9.546274199768959,26746.300000000003,26755.846274199772,10065,10055,10115,10020,0.0,10055,0,0
1386,2015-06-24,9.546274199768959,26733.0,26742.54627419977,10115,10050,10190,10020,0.0,10050,0,0
1387,2015-06-25,9.546274199768959,27225.100000000002,27234.64627419977,10050,10235,10260,9995,0.0,10235,0,0
1388,2015-06-26,9.546274199768959,27078.800000000003,27088.346274199772,10235,10180,10280,10175,0.0,10180,0,0
1389,2015-06-29,9.546274199768959,26014.800000000003,26024.346274199772,9925,9780,9975,9775,0.0,9780,0,0
1390,2015-06-30,9.546274199768959,26586.7,26596.24627419977,9705,9995,9995,9705,0.0,9995,0,0
1391,2015-07-01,9.546274199768959,27065.5,27075.04627419977,9995,10175,10190,9985,0.0,10175,0,0
1392,2015-07-02,9.546274199768959,27211.800000000003,27221.346274199772,10195,10230,10240,10080,0.0,10230,0,0
1393,2015-07-03,9.546274199768959,27078.800000000003,27088.346274199772,10235,10180,10255,10120,0.0,10180,0,0
1394,2015-07-06,9.546274199768959,26121.2,26130.74627419977,10050,9820,10050,9795,0.0,9820,0,0
1395,2015-07-07,26129.795567004567,0.0,26129.795567004567,9820,9685,9820,9580,-1.0,9685,0,0
1396,2015-07-08,26129.795567004567,0.0,26129.795567004567,9720,9195,9720,9175,0.0,9195,0,0
1397,2015-07-09,26129.795567004567,0.0,26129.795567004567,9135,9315,9315,9035,0.0,9315,0,0
1398,2015-07-10,26129.795567004567,0.0,26129.795567004567,9450,9590,9590,9430,0.0,9590,0,0
1399,2015-07-13,26129.795567004567,0.0,26129.795567004567,9695,9715,9715,9480,0.0,9715,0,0
1400,2015-07-14,26129.795567004567,0.0,26129.795567004567,9785,9655,9785,9635,0.0,9655,0,0
1401,2015-07-15,26129.795567004567,0.0,26129.795567004567,9690,9900,9900,9690,0.0,9900,0,0
1402,2015-07-16,26129.795567004567,0.0,26129.795567004567,9875,9855,9950,9840,0.0,9855,0,0
1403,2015-07-17,26129.795567004567,0.0,26129.795567004567,9935,9925,9945,9855,0.0,9925,0,0
1404,2015-07-20,26129.795567004567,0.0,26129.795567004567,10000,9880,10035,9855,0.0,9880,0,0
1405,2015-07-21,86.39556700456524,26042.449999999997,26128.845567004562,9945,10055,10055,9945,1.0,10055,0,0
1406,2015-07-22,86.39556700456524,25679.85,25766.245567004564,10020,9915,10090,9910,0.0,9915,0,0
1407,2015-07-23,25661.714693809565,0.0,25661.714693809565,9875,9560,9895,9560,-1.0,9560,0,0
1408,2015-07-24,25661.714693809565,0.0,25661.714693809565,9545,9415,9545,9370,0.0,9415,0,0
1409,2015-07-27,25661.714693809565,0.0,25661.714693809565,9310,9290,9405,9220,0.0,9290,0,0
1410,2015-07-28,25661.714693809565,0.0,25661.714693809565,9210,9155,9285,9030,0.0,9155,0,0
1411,2015-07-29,25661.714693809565,0.0,25661.714693809565,9250,9075,9265,9075,0.0,9075,0,0
1412,2015-07-30,25661.714693809565,0.0,25661.714693809565,9175,9185,9320,9125,0.0,9185,0,0
1413,2015-07-31,25661.714693809565,0.0,25661.714693809565,9245,9245,9300,9040,0.0,9245,0,0
1414,2015-08-03,25661.714693809565,0.0,25661.714693809565,9110,8695,9110,8690,0.0,8695,0,0
1415,2015-08-04,25661.714693809565,0.0,25661.714693809565,8605,8830,8860,8605,0.0,8830,0,0
1416,2015-08-05,25661.714693809565,0.0,25661.714693809565,8835,9010,9010,8830,0.0,9010,0,0
1417,2015-08-06,25661.714693809565,0.0,25661.714693809565,9040,9045,9075,9025,0.0,9045,0,0
1418,2015-08-07,25661.714693809565,0.0,25661.714693809565,8980,8935,8990,8900,0.0,8935,0,0
1419,2015-08-10,25661.714693809565,0.0,25661.714693809565,8915,8515,8915,8480,0.0,8515,0,0
1420,2015-08-11,25661.714693809565,0.0,25661.714693809565,8655,8500,8725,8500,0.0,8500,0,0
1421,2015-08-12,25661.714693809565,0.0,25661.714693809565,8405,8385,8425,8220,0.0,8385,0,0
1422,2015-08-13,25661.714693809565,0.0,25661.714693809565,8420,8680,8715,8420,0.0,8680,0,0
1423,2015-08-17,25661.714693809565,0.0,25661.714693809565,8815,8820,8825,8760,0.0,8820,0,0
1424,2015-08-18,25661.714693809565,0.0,25661.714693809565,8785,8610,8785,8610,0.0,8610,0,0
1425,2015-08-19,25661.714693809565,0.0,25661.714693809565,8555,8500,8600,8345,0.0,8500,0,0
1426,2015-08-20,25661.714693809565,0.0,25661.714693809565,8365,8360,8465,8360,0.0,8360,0,0
1427,2015-08-21,25661.714693809565,0.0,25661.714693809565,8185,8250,8305,8155,0.0,8250,0,0
1428,2015-08-24,25661.714693809565,0.0,25661.714693809565,8130,8040,8250,7900,0.0,8040,0,0
1429,2015-08-25,25661.714693809565,0.0,25661.714693809565,8075,8120,8270,7900,0.0,8120,0,0
1430,2015-08-26,25661.714693809565,0.0,25661.714693809565,8090,8455,8460,8075,0.0,8455,0,0
1431,2015-08-27,25661.714693809565,0.0,25661.714693809565,8490,8465,8525,8390,0.0,8465,0,0
1432,2015-08-28,25661.714693809565,0.0,25661.714693809565,8860,8770,8880,8755,0.0,8770,0,0
1433,2015-08-31,25661.714693809565,0.0,25661.714693809565,8775,8690,8775,8650,0.0,8690,0,0
1434,2015-09-01,25661.714693809565,0.0,25661.714693809565,8800,8570,8840,8570,0.0,8570,0,0
1435,2015-09-02,25661.714693809565,0.0,25661.714693809565,8295,8500,8530,8295,0.0,8500,0,0
1436,2015-09-03,25661.714693809565,0.0,25661.714693809565,8545,8390,8560,8375,0.0,8390,0,0
1437,2015-09-04,25661.714693809565,0.0,25661.714693809565,8420,8290,8455,8240,0.0,8290,0,0
1438,2015-09-07,25661.714693809565,0.0,25661.714693809565,8235,8220,8280,8170,0.0,8220,0,0
1439,2015-09-08,25661.714693809565,0.0,25661.714693809565,8210,8110,8210,8070,0.0,8110,0,0
1440,2015-09-09,25661.714693809565,0.0,25661.714693809565,8215,8535,8535,8215,0.0,8535,0,0
1441,2015-09-10,25661.714693809565,0.0,25661.714693809565,8415,8690,8690,8380,0.0,8690,0,0
1442,2015-09-11,27.184693809565943,25633.6,25660.784693809564,8695,8660,8765,8610,1.0,8660,0,0
1443,2015-09-14,27.184693809565943,25840.8,25867.984693809565,8685,8730,8745,8615,0.0,8730,0,0
1444,2015-09-15,27.184693809565943,25959.2,25986.384693809567,8735,8770,8770,8670,0.0,8770,0,0
1445,2015-09-16,27.184693809565943,26847.2,26874.384693809567,8835,9070,9120,8805,0.0,9070,0,0
1446,2015-09-17,27.184693809565943,27084.0,27111.184693809566,9205,9150,9300,9135,0.0,9150,0,0
1447,2015-09-18,27.184693809565943,27187.6,27214.784693809564,9170,9185,9265,9060,0.0,9185,0,0
1448,2015-09-21,27.184693809565943,26625.2,26652.384693809567,9030,8995,9095,8950,0.0,8995,0,0
1449,2015-09-22,27.184693809565943,26876.8,26903.984693809565,9115,9080,9115,9045,0.0,9080,0,0
1450,2015-09-23,27.184693809565943,26640.0,26667.184693809566,8925,9000,9125,8925,0.0,9000,0,0
1451,2015-09-24,27.184693809565943,26743.6,26770.784693809564,9050,9035,9075,8965,0.0,9035,0,0
1452,2015-09-25,27.184693809565943,26728.8,26755.984693809565,9040,9030,9040,8945,0.0,9030,0,0
1453,2015-09-30,27.184693809565943,27424.4,27451.584693809567,8910,9265,9265,8900,0.0,9265,0,0
1454,2015-10-01,27.184693809565943,27705.6,27732.784693809564,9230,9360,9405,9175,0.0,9360,0,0
1455,2015-10-02,27.184693809565943,27424.4,27451.584693809567,9340,9265,9350,9265,0.0,9265,0,0
1456,2015-10-05,27.184693809565943,28282.8,28309.984693809565,9355,9555,9660,9355,0.0,9555,0,0
1457,2015-10-06,27.184693809565943,28682.4,28709.584693809567,9700,9690,9795,9640,0.0,9690,0,0
1458,2015-10-07,27.184693809565943,28800.8,28827.984693809565,9735,9730,9805,9680,0.0,9730,0,0
1459,2015-10-08,27.184693809565943,28726.8,28753.984693809565,9765,9705,9800,9625,0.0,9705,0,0
1460,2015-10-12,27.184693809565943,28889.6,28916.784693809564,9705,9760,9800,9685,0.0,9760,0,0
1461,2015-10-13,27.184693809565943,28549.2,28576.384693809567,9705,9645,9705,9570,0.0,9645,0,0
1462,2015-10-14,27.184693809565943,27764.8,27791.984693809565,9605,9380,9605,9365,0.0,9380,0,0
1463,2015-10-15,27.184693809565943,28800.8,28827.984693809565,9405,9730,9730,9405,0.0,9730,0,0
1464,2015-10-16,27.184693809565943,28682.4,28709.584693809567,9725,9690,9760,9650,0.0,9690,0,0
1465,2015-10-19,27.184693809565943,28771.2,28798.384693809567,9820,9720,9825,9695,0.0,9720,0,0
1466,2015-10-20,27.184693809565943,28490.0,28517.184693809566,9705,9625,9705,9605,0.0,9625,0,0
1467,2015-10-21,27.184693809565943,28904.4,28931.584693809567,9610,9765,9805,9610,0.0,9765,0,0
1468,2015-10-22,27.184693809565943,28327.2,28354.384693809567,9690,9570,9700,9540,0.0,9570,0,0
1469,2015-10-23,27.184693809565943,29318.8,29345.984693809565,9730,9905,9920,9720,0.0,9905,0,0
1470,2015-10-26,27.184693809565943,29274.4,29301.584693809567,9955,9890,9955,9835,0.0,9890,0,0
1471,2015-10-27,27.184693809565943,29259.6,29286.784693809564,9855,9885,9885,9795,0.0,9885,0,0
1472,2015-10-28,27.184693809565943,29600.0,29627.184693809566,9915,10000,10090,9900,0.0,10000,0,0
1473,2015-10-29,27.184693809565943,29644.4,29671.584693809567,10050,10015,10100,9970,0.0,10015,0,0
1474,2015-10-30,27.184693809565943,28830.4,28857.584693809567,9905,9740,9930,9740,0.0,9740,0,0
1475,2015-11-02,27.184693809565943,29052.4,29079.584693809567,9725,9815,9840,9725,0.0,9815,0,0
1476,2015-11-03,27.184693809565943,29437.2,29464.384693809567,9875,9945,10020,9870,0.0,9945,0,0
1477,2015-11-04,27.184693809565943,29733.2,29760.384693809567,10035,10045,10095,9985,0.0,10045,0,0
1478,2015-11-05,27.184693809565943,29392.8,29419.984693809565,10005,9930,10005,9880,0.0,9930,0,0
1479,2015-11-06,27.184693809565943,28948.8,28975.984693809565,9895,9780,9930,9780,0.0,9780,0,0
1480,2015-11-09,27.184693809565943,28238.4,28265.584693809567,9780,9540,9780,9505,0.0,9540,0,0
1481,2015-11-10,27583.78170739996,0.0,27583.78170739996,9310,9450,9535,9310,-1.0,9450,0,0
1482,2015-11-11,27583.78170739996,0.0,27583.78170739996,9335,9390,9450,9250,0.0,9390,0,0
1483,2015-11-12,27583.78170739996,0.0,27583.78170739996,9450,9390,9450,9355,0.0,9390,0,0
1484,2015-11-13,27583.78170739996,0.0,27583.78170739996,9390,9390,9390,9355,0.0,9390,0,0
1485,2015-11-16,27583.78170739996,0.0,27583.78170739996,9315,9445,9480,9260,0.0,9445,0,0
1486,2015-11-17,27583.78170739996,0.0,27583.78170739996,9500,9755,9765,9500,0.0,9755,0,0
1487,2015-11-18,27583.78170739996,0.0,27583.78170739996,9740,9720,9790,9720,0.0,9720,0,0
1488,2015-11-19,78.0317073999613,27504.75,27582.78170739996,9845,10075,10080,9840,1.0,10075,0,0
1489,2015-11-20,78.0317073999613,27573.0,27651.03170739996,10095,10100,10215,10035,0.0,10100,0,0
1490,2015-11-23,78.0317073999613,27777.75,27855.78170739996,10130,10175,10180,10130,0.0,10175,0,0
1491,2015-11-24,78.0317073999613,28392.0,28470.03170739996,10170,10400,10400,10155,0.0,10400,0,0
1492,2015-11-25,78.0317073999613,28023.45,28101.481707399962,10415,10265,10445,10235,0.0,10265,0,0
1493,2015-11-26,78.0317073999613,28187.25,28265.28170739996,10265,10325,10415,10265,0.0,10325,0,0
1494,2015-11-27,78.0317073999613,28187.25,28265.28170739996,10320,10325,10370,10285,0.0,10325,0,0
1495,2015-11-30,78.0317073999613,27627.6,27705.63170739996,10260,10120,10260,10035,0.0,10120,0,0
1496,2015-12-01,78.0317073999613,28187.25,28265.28170739996,10120,10325,10375,10120,0.0,10325,0,0
1497,2015-12-02,78.0317073999613,27873.3,27951.33170739996,10325,10210,10325,10205,0.0,10210,0,0
1498,2015-12-03,78.0317073999613,27818.7,27896.731707399962,10100,10190,10205,10020,0.0,10190,0,0
1499,2015-12-04,78.0317073999613,27436.5,27514.53170739996,10100,10050,10105,10020,0.0,10050,0,0
1500,2015-12-07,78.0317073999613,27354.6,27432.63170739996,10125,10020,10170,10020,0.0,10020,0,0
1501,2015-12-08,78.0317073999613,27204.45,27282.481707399962,9950,9965,10015,9885,0.0,9965,0,0
1502,2015-12-09,78.0317073999613,27381.9,27459.931707399963,9965,10030,10085,9940,0.0,10030,0,0
1503,2015-12-10,27295.14107743236,0.0,27295.14107743236,9970,9910,10055,9815,-1.0,9910,0,0
1504,2015-12-11,27295.14107743236,0.0,27295.14107743236,9915,10075,10080,9915,0.0,10075,0,0
1505,2015-12-14,27295.14107743236,0.0,27295.14107743236,9950,9880,9990,9835,0.0,9880,0,0
1506,2015-12-15,27295.14107743236,0.0,27295.14107743236,9995,9725,9995,9640,0.0,9725,0,0
1507,2015-12-16,27295.14107743236,0.0,27295.14107743236,9855,10170,10175,9845,0.0,10170,0,0
1508,2015-12-17,62.55107743235931,27231.600000000002,27294.15107743236,10185,10315,10320,10175,1.0,10315,0,0
1509,2015-12-18,62.55107743235931,27178.800000000003,27241.351077432362,10215,10295,10355,10210,0.0,10295,0,0
1510,2015-12-21,62.55107743235931,27403.2,27465.75107743236,10235,10380,10395,10235,0.0,10380,0,0
1511,2015-12-22,62.55107743235931,27561.600000000002,27624.15107743236,10310,10440,10450,10280,0.0,10440,0,0
1512,2015-12-23,62.55107743235931,27772.800000000003,27835.351077432362,10475,10520,10625,10475,0.0,10520,0,0
1513,2015-12-24,62.55107743235931,27614.4,27676.95107743236,10650,10460,10650,10460,0.0,10460,0,0
1514,2015-12-28,62.55107743235931,27218.4,27280.95107743236,10460,10310,10460,10275,0.0,10310,0,0
1515,2015-12-29,62.55107743235931,27627.600000000002,27690.15107743236,10340,10465,10490,10340,0.0,10465,0,0
1516,2015-12-30,62.55107743235931,27456.0,27518.55107743236,10495,10400,10500,10370,0.0,10400,0,0
1517,2016-01-04,62.55107743235931,27482.4,27544.95107743236,10400,10410,10490,10365,0.0,10410,0,0
1518,2016-01-05,62.55107743235931,27429.600000000002,27492.15107743236,10330,10390,10510,10330,0.0,10390,0,0
1519,2016-01-06,62.55107743235931,27601.2,27663.75107743236,10405,10455,10475,10365,0.0,10455,0,0
1520,2016-01-07,62.55107743235931,26835.600000000002,26898.15107743236,10360,10165,10415,10135,0.0,10165,0,0
1521,2016-01-08,62.55107743235931,27601.2,27663.75107743236,10000,10455,10465,9500,0.0,10455,0,0
1522,2016-01-11,62.55107743235931,26994.0,27056.55107743236,10370,10225,10370,10225,0.0,10225,0,0
1523,2016-01-12,62.55107743235931,27284.4,27346.95107743236,10350,10335,10390,10250,0.0,10335,0,0
1524,2016-01-13,62.55107743235931,27772.800000000003,27835.351077432362,10430,10520,10560,10400,0.0,10520,0,0
1525,2016-01-14,62.55107743235931,27244.800000000003,27307.351077432362,10315,10320,10420,10270,0.0,10320,0,0
1526,2016-01-15,27728.74410202116,0.0,27728.74410202116,10480,10100,10490,10075,-1.0,10100,0,0
1527,2016-01-18,27728.74410202116,0.0,27728.74410202116,10000,10050,10090,9930,0.0,10050,0,0
1528,2016-01-19,27728.74410202116,0.0,27728.74410202116,10075,9945,10075,9830,0.0,9945,0,0
1529,2016-01-20,27728.74410202116,0.0,27728.74410202116,9940,9690,9950,9600,0.0,9690,0,0
1530,2016-01-21,27728.74410202116,0.0,27728.74410202116,9670,9945,10000,9670,0.0,9945,0,0
1531,2016-01-22,27728.74410202116,0.0,27728.74410202116,10070,10025,10115,9860,0.0,10025,0,0
1532,2016-01-25,27728.74410202116,0.0,27728.74410202116,10190,10155,10300,10140,0.0,10155,0,0
1533,2016-01-26,27728.74410202116,0.0,27728.74410202116,10125,9845,10125,9820,0.0,9845,0,0
1534,2016-01-27,27728.74410202116,0.0,27728.74410202116,10020,9955,10125,9895,0.0,9955,0,0
1535,2016-01-28,27728.74410202116,0.0,27728.74410202116,9940,9995,10000,9830,0.0,9995,0,0
1536,2016-01-29,27728.74410202116,0.0,27728.74410202116,9975,10095,10095,9950,0.0,10095,0,0
1537,2016-02-01,27728.74410202116,0.0,27728.74410202116,10075,10100,10130,10005,0.0,10100,0,0
1538,2016-02-02,27728.74410202116,0.0,27728.74410202116,10015,10010,10155,10010,0.0,10010,0,0
1539,2016-02-03,27728.74410202116,0.0,27728.74410202116,9940,10095,10095,9905,0.0,10095,0,0
1540,2016-02-04,87.8341020211592,27639.899999999998,27727.734102021157,10255,10590,10590,10255,1.0,10590,0,0
1541,2016-02-05,87.8341020211592,27391.949999999997,27479.784102021156,10585,10495,10590,10420,0.0,10495,0,0
1542,2016-02-11,87.8341020211592,26178.3,26266.13410202116,9555,10030,10235,9555,0.0,10030,0,0
1543,2016-02-12,26056.388916099157,0.0,26056.388916099157,9950,9780,9980,9520,-1.0,9780,0,0
1544,2016-02-15,26056.388916099157,0.0,26056.388916099157,9945,9875,9985,9835,0.0,9875,0,0
1545,2016-02-16,26056.388916099157,0.0,26056.388916099157,9915,10215,10220,9915,0.0,10215,0,0
1546,2016-02-17,26056.388916099157,0.0,26056.388916099157,10350,10165,10350,10050,0.0,10165,0,0
1547,2016-02-18,26.738916099155176,26028.699999999997,26055.438916099152,10380,10370,10415,10300,1.0,10370,0,0
1548,2016-02-19,26.738916099155176,26430.3,26457.038916099154,10325,10530,10530,10310,0.0,10530,0,0
1549,2016-02-22,26.738916099155176,26580.899999999998,26607.638916099153,10490,10590,10630,10450,0.0,10590,0,0
1550,2016-02-23,26.738916099155176,26844.449999999997,26871.188916099152,10750,10695,10800,10695,0.0,10695,0,0
1551,2016-02-24,26.738916099155176,26618.55,26645.288916099154,10665,10605,10765,10605,0.0,10605,0,0
1552,2016-02-25,26.738916099155176,26656.199999999997,26682.938916099152,10705,10620,10765,10600,0.0,10620,0,0
1553,2016-02-26,26.738916099155176,26480.499999999996,26507.23891609915,10670,10550,10700,10515,0.0,10550,0,0
1554,2016-02-29,26.738916099155176,26718.949999999997,26745.688916099152,10565,10645,10700,10565,0.0,10645,0,0
1555,2016-03-02,26.738916099155176,27597.449999999997,27624.188916099152,10825,10995,11005,10825,0.0,10995,0,0
1556,2016-03-03,26.738916099155176,27421.749999999996,27448.48891609915,11000,10925,11060,10880,0.0,10925,0,0
1557,2016-03-04,26.738916099155176,27082.899999999998,27109.638916099153,10925,10790,10925,10715,0.0,10790,0,0
1558,2016-03-07,26.738916099155176,27459.399999999998,27486.138916099153,10830,10940,10970,10810,0.0,10940,0,0
1559,2016-03-08,26.738916099155176,27333.899999999998,27360.638916099153,10965,10890,11035,10805,0.0,10890,0,0
1560,2016-03-09,26.738916099155176,26982.499999999996,27009.23891609915,10890,10750,10930,10730,0.0,10750,0,0
1561,2016-03-10,26.738916099155176,27522.149999999998,27548.888916099153,10870,10965,10980,10860,0.0,10965,0,0
1562,2016-03-11,26.738916099155176,27484.499999999996,27511.23891609915,10925,10950,10960,10890,0.0,10950,0,0
1563,2016-03-14,26.738916099155176,27534.699999999997,27561.438916099152,10995,10970,11045,10950,0.0,10970,0,0
1564,2016-03-15,26.738916099155176,27635.1,27661.838916099154,10975,11010,11015,10935,0.0,11010,0,0
1565,2016-03-16,26.738916099155176,27409.199999999997,27435.938916099152,11010,10920,11025,10890,0.0,10920,0,0
1566,2016-03-17,26.738916099155176,28300.249999999996,28326.98891609915,11050,11275,11325,11050,0.0,11275,0,0
1567,2016-03-18,26.738916099155176,28187.3,28214.038916099154,11370,11230,11375,11200,0.0,11230,0,0
1568,2016-03-21,26.738916099155176,28237.499999999996,28264.23891609915,11300,11250,11360,11180,0.0,11250,0,0
1569,2016-03-22,26.738916099155176,28036.699999999997,28063.438916099152,11275,11170,11305,11140,0.0,11170,0,0
1570,2016-03-23,26.738916099155176,28137.1,28163.838916099154,11250,11210,11255,11165,0.0,11210,0,0
1571,2016-03-24,26.738916099155176,28325.35,28352.088916099154,11170,11285,11300,11170,0.0,11285,0,0
1572,2016-03-25,26.738916099155176,28639.1,28665.838916099154,11330,11410,11475,11300,0.0,11410,0,0
1573,2016-03-28,26.738916099155176,28639.1,28665.838916099154,11470,11410,11470,11330,0.0,11410,0,0
1574,2016-03-29,26.738916099155176,28977.949999999997,29004.688916099152,11450,11545,11545,11405,0.0,11545,0,0
1575,2016-03-30,26.738916099155176,29592.899999999998,29619.638916099153,11600,11790,11795,11600,0.0,11790,0,0
1576,2016-03-31,26.738916099155176,29366.999999999996,29393.73891609915,11840,11700,11840,11675,0.0,11700,0,0
1577,2016-04-01,26.738916099155176,28651.649999999998,28678.388916099153,11700,11415,11700,11400,0.0,11415,0,0
1578,2016-04-04,26.738916099155176,28927.749999999996,28954.48891609915,11430,11525,11525,11370,0.0,11525,0,0
1579,2016-04-05,26.738916099155176,28588.899999999998,28615.638916099153,11400,11390,11440,11300,0.0,11390,0,0
1580,2016-04-06,26.738916099155176,28789.699999999997,28816.438916099152,11315,11470,11495,11310,0.0,11470,0,0
1581,2016-04-07,26.738916099155176,28839.899999999998,28866.638916099153,11595,11490,11595,11475,0.0,11490,0,0
1582,2016-04-08,26.738916099155176,28852.449999999997,28879.188916099152,11440,11495,11495,11295,0.0,11495,0,0
1583,2016-04-11,26.738916099155176,28726.949999999997,28753.688916099152,11545,11445,11570,11445,0.0,11445,0,0
1584,2016-04-12,26.738916099155176,29065.8,29092.538916099154,11465,11580,11580,11425,0.0,11580,0,0
1585,2016-04-14,26.738916099155176,29956.85,29983.588916099154,11775,11935,11945,11730,0.0,11935,0,0
1586,2016-04-15,26.738916099155176,29191.3,29218.038916099154,11935,11630,11970,11620,0.0,11630,0,0
1587,2016-04-18,26.738916099155176,29341.899999999998,29368.638916099153,11500,11690,11690,11450,0.0,11690,0,0
1588,2016-04-19,26.738916099155176,28940.3,28967.038916099154,11755,11530,11755,11495,0.0,11530,0,0
1589,2016-04-20,26.738916099155176,28475.949999999997,28502.688916099152,11600,11345,11640,11335,0.0,11345,0,0
1590,2016-04-21,26.738916099155176,28651.649999999998,28678.388916099153,11475,11415,11510,11210,0.0,11415,0,0
1591,2016-04-22,28514.20204865315,0.0,28514.20204865315,11350,11255,11385,11185,-1.0,11255,0,0
1592,2016-04-25,28514.20204865315,0.0,28514.20204865315,11260,11340,11355,11240,0.0,11340,0,0
1593,2016-04-26,28514.20204865315,0.0,28514.20204865315,11320,11125,11320,11070,0.0,11125,0,0
1594,2016-04-27,28514.20204865315,0.0,28514.20204865315,11125,11125,11200,11090,0.0,11125,0,0
1595,2016-04-28,28514.20204865315,0.0,28514.20204865315,11025,10825,11055,10815,0.0,10825,0,0
1596,2016-04-29,28514.20204865315,0.0,28514.20204865315,10820,10710,10820,10610,0.0,10710,0,0
1597,2016-05-02,28514.20204865315,0.0,28514.20204865315,10680,10680,10825,10670,0.0,10680,0,0
1598,2016-05-03,28514.20204865315,0.0,28514.20204865315,10715,10700,10730,10670,0.0,10700,0,0
1599,2016-05-04,28514.20204865315,0.0,28514.20204865315,10580,10435,10605,10365,0.0,10435,0,0
1600,2016-05-09,28514.20204865315,0.0,28514.20204865315,10290,10160,10330,10110,0.0,10160,0,0
1601,2016-05-10,28514.20204865315,0.0,28514.20204865315,10140,10340,10350,10140,0.0,10340,0,0
1602,2016-05-11,28514.20204865315,0.0,28514.20204865315,10430,10555,10555,10410,0.0,10555,0,0
1603,2016-05-12,28514.20204865315,0.0,28514.20204865315,10535,10575,10580,10485,0.0,10575,0,0
1604,2016-05-13,28514.20204865315,0.0,28514.20204865315,10585,10380,10585,10300,0.0,10380,0,0
1605,2016-05-16,28514.20204865315,0.0,28514.20204865315,10330,10405,10435,10300,0.0,10405,0,0
1606,2016-05-17,28514.20204865315,0.0,28514.20204865315,10515,10410,10515,10400,0.0,10410,0,0
1607,2016-05-18,28514.20204865315,0.0,28514.20204865315,10400,10250,10400,10110,0.0,10250,0,0
1608,2016-05-19,28514.20204865315,0.0,28514.20204865315,10250,10115,10250,10100,0.0,10115,0,0
1609,2016-05-20,28514.20204865315,0.0,28514.20204865315,10080,10170,10200,10045,0.0,10170,0,0
1610,2016-05-23,28514.20204865315,0.0,28514.20204865315,10185,10240,10255,10120,0.0,10240,0,0
1611,2016-05-24,28514.20204865315,0.0,28514.20204865315,10205,10045,10205,10045,0.0,10045,0,0
1612,2016-05-25,28514.20204865315,0.0,28514.20204865315,10120,10165,10250,10120,0.0,10165,0,0
1613,2016-05-26,28514.20204865315,0.0,28514.20204865315,10175,10245,10265,10175,0.0,10245,0,0
1614,2016-05-27,28514.20204865315,0.0,28514.20204865315,10270,10500,10540,10270,0.0,10500,0,0
1615,2016-05-30,28514.20204865315,0.0,28514.20204865315,10500,10465,10500,10340,0.0,10465,0,0
1616,2016-05-31,28514.20204865315,0.0,28514.20204865315,10255,10425,10440,10255,0.0,10425,0,0
1617,2016-06-01,28514.20204865315,0.0,28514.20204865315,10320,10260,10420,10255,0.0,10260,0,0
1618,2016-06-02,28514.20204865315,0.0,28514.20204865315,10260,10245,10285,10225,0.0,10245,0,0
1619,2016-06-03,28514.20204865315,0.0,28514.20204865315,10270,10130,10270,10090,0.0,10130,0,0
1620,2016-06-07,28514.20204865315,0.0,28514.20204865315,10245,10290,10290,10215,0.0,10290,0,0
1621,2016-06-08,28514.20204865315,0.0,28514.20204865315,10335,10390,10390,10300,0.0,10390,0,0
1622,2016-06-09,28514.20204865315,0.0,28514.20204865315,10415,10350,10420,10300,0.0,10350,0,0
1623,2016-06-10,28514.20204865315,0.0,28514.20204865315,10310,10375,10375,10310,0.0,10375,0,0
1624,2016-06-13,28514.20204865315,0.0,28514.20204865315,10215,10180,10245,10140,0.0,10180,0,0
1625,2016-06-14,28514.20204865315,0.0,28514.20204865315,10145,10045,10215,9965,0.0,10045,0,0
1626,2016-06-15,28514.20204865315,0.0,28514.20204865315,10005,9870,10005,9870,0.0,9870,0,0
1627,2016-06-16,28514.20204865315,0.0,28514.20204865315,9900,9870,9995,9840,0.0,9870,0,0
1628,2016-06-17,28514.20204865315,0.0,28514.20204865315,9955,9825,10000,9800,0.0,9825,0,0
1629,2016-06-20,28514.20204865315,0.0,28514.20204865315,9930,10005,10015,9920,0.0,10005,0,0
1630,2016-06-21,28514.20204865315,0.0,28514.20204865315,9910,9785,9910,9770,0.0,9785,0,0
1631,2016-06-22,28514.20204865315,0.0,28514.20204865315,9850,10000,10020,9785,0.0,10000,0,0
1632,2016-06-23,28514.20204865315,0.0,28514.20204865315,9920,9855,9940,9820,0.0,9855,0,0
1633,2016-06-24,28514.20204865315,0.0,28514.20204865315,9975,9425,9975,9360,0.0,9425,0,0
1634,2016-06-27,28514.20204865315,0.0,28514.20204865315,9175,9410,9460,9160,0.0,9410,0,0
1635,2016-06-28,28514.20204865315,0.0,28514.20204865315,9310,9445,9445,9255,0.0,9445,0,0
1636,2016-06-29,28514.20204865315,0.0,28514.20204865315,9580,9745,9785,9560,0.0,9745,0,0
1637,2016-06-30,28514.20204865315,0.0,28514.20204865315,9890,9805,9890,9700,0.0,9805,0,0
1638,2016-07-01,28514.20204865315,0.0,28514.20204865315,9805,9780,9805,9745,0.0,9780,0,0
1639,2016-07-04,28514.20204865315,0.0,28514.20204865315,9810,10040,10040,9810,0.0,10040,0,0
1640,2016-07-05,28514.20204865315,0.0,28514.20204865315,10040,9960,10050,9915,0.0,9960,0,0
1641,2016-07-06,28514.20204865315,0.0,28514.20204865315,9900,9680,9900,9645,0.0,9680,0,0
1642,2016-07-07,28514.20204865315,0.0,28514.20204865315,9745,9680,9780,9665,0.0,9680,0,0
1643,2016-07-08,28514.20204865315,0.0,28514.20204865315,9650,9585,9650,9525,0.0,9585,0,0
1644,2016-07-11,28514.20204865315,0.0,28514.20204865315,9620,9790,9790,9620,0.0,9790,0,0
1645,2016-07-12,28514.20204865315,0.0,28514.20204865315,9765,9775,9775,9705,0.0,9775,0,0
1646,2016-07-13,28514.20204865315,0.0,28514.20204865315,9895,9900,9980,9850,0.0,9900,0,0
1647,2016-07-14,71.66204865315012,28441.5,28513.16204865315,9865,10050,10050,9830,1.0,10050,0,0
1648,2016-07-15,71.66204865315012,28370.75,28442.41204865315,10085,10025,10135,10000,0.0,10025,0,0
1649,2016-07-18,71.66204865315012,28540.55,28612.21204865315,10045,10085,10110,10030,0.0,10085,0,0
1650,2016-07-19,71.66204865315012,28384.9,28456.56204865315,10120,10030,10120,9960,0.0,10030,0,0
1651,2016-07-20,71.66204865315012,28370.75,28442.41204865315,10040,10025,10085,10005,0.0,10025,0,0
1652,2016-07-21,71.66204865315012,28045.3,28116.96204865315,10060,9910,10075,9905,0.0,9910,0,0
1653,2016-07-22,71.66204865315012,28158.5,28230.16204865315,9950,9950,9950,9865,0.0,9950,0,0
1654,2016-07-25,71.66204865315012,28229.25,28300.91204865315,9900,9975,9985,9900,0.0,9975,0,0
1655,2016-07-26,71.66204865315012,28300.0,28371.66204865315,9975,10000,10010,9925,0.0,10000,0,0
1656,2016-07-27,71.66204865315012,28130.2,28201.86204865315,10040,9940,10040,9920,0.0,9940,0,0
1657,2016-07-28,71.66204865315012,27917.95,27989.61204865315,9940,9865,9965,9865,0.0,9865,0,0
1658,2016-07-29,71.66204865315012,28285.850000000002,28357.512048653152,9900,9995,10035,9900,0.0,9995,0,0
1659,2016-08-01,71.66204865315012,28894.3,28965.96204865315,10015,10210,10210,10005,0.0,10210,0,0
1660,2016-08-02,71.66204865315012,28498.100000000002,28569.762048653152,10135,10070,10160,10040,0.0,10070,0,0
1661,2016-08-03,71.66204865315012,28073.600000000002,28145.262048653152,9965,9920,9965,9880,0.0,9920,0,0
1662,2016-08-04,71.66204865315012,28229.25,28300.91204865315,9970,9975,10040,9950,0.0,9975,0,0
1663,2016-08-05,71.66204865315012,28441.5,28513.16204865315,10010,10050,10050,10010,0.0,10050,0,0
1664,2016-08-08,71.66204865315012,28427.350000000002,28499.012048653152,10065,10045,10080,10000,0.0,10045,0,0
1665,2016-08-09,71.66204865315012,28993.350000000002,29065.012048653152,10045,10245,10245,10045,0.0,10245,0,0
1666,2016-08-10,71.66204865315012,29276.350000000002,29348.012048653152,10240,10345,10390,10240,0.0,10345,0,0
1667,2016-08-11,71.66204865315012,28894.3,28965.96204865315,10315,10210,10315,10160,0.0,10210,0,0
1668,2016-08-12,71.66204865315012,29149.0,29220.66204865315,10340,10300,10450,10270,0.0,10300,0,0
1669,2016-08-16,71.66204865315012,29233.9,29305.56204865315,10350,10330,10400,10305,0.0,10330,0,0
1670,2016-08-17,71.66204865315012,29403.7,29475.36204865315,10305,10390,10395,10290,0.0,10390,0,0
1671,2016-08-18,71.66204865315012,28993.350000000002,29065.012048653152,10390,10245,10435,10205,0.0,10245,0,0
1672,2016-08-19,71.66204865315012,29106.55,29178.21204865315,10260,10285,10300,10185,0.0,10285,0,0
1673,2016-08-22,71.66204865315012,29049.95,29121.61204865315,10305,10265,10355,10250,0.0,10265,0,0
1674,2016-08-23,71.66204865315012,28667.9,28739.56204865315,10255,10130,10255,10055,0.0,10130,0,0
1675,2016-08-24,71.66204865315012,28682.05,28753.71204865315,10135,10135,10210,10100,0.0,10135,0,0
1676,2016-08-25,71.66204865315012,28370.75,28442.41204865315,10085,10025,10085,10015,0.0,10025,0,0
1677,2016-08-26,28540.42586181235,0.0,28540.42586181235,10060,10045,10060,9985,-1.0,10045,0,0
1678,2016-08-29,28540.42586181235,0.0,28540.42586181235,9990,9820,9990,9800,0.0,9820,0,0
1679,2016-08-30,28540.42586181235,0.0,28540.42586181235,9835,9870,9935,9835,0.0,9870,0,0
1680,2016-08-31,28540.42586181235,0.0,28540.42586181235,9870,9950,9985,9870,0.0,9950,0,0
1681,2016-09-01,28540.42586181235,0.0,28540.42586181235,9950,10025,10035,9905,0.0,10025,0,0
1682,2016-09-02,28540.42586181235,0.0,28540.42586181235,10025,9940,10025,9910,0.0,9940,0,0
1683,2016-09-05,28540.42586181235,0.0,28540.42586181235,10030,10125,10125,10030,0.0,10125,0,0
1684,2016-09-06,28540.42586181235,0.0,28540.42586181235,10065,9915,10065,9870,0.0,9915,0,0
1685,2016-09-07,28540.42586181235,0.0,28540.42586181235,9935,9915,9970,9915,0.0,9915,0,0
1686,2016-09-08,28540.42586181235,0.0,28540.42586181235,9915,9895,9960,9830,0.0,9895,0,0
1687,2016-09-09,28540.42586181235,0.0,28540.42586181235,9865,9910,9910,9760,0.0,9910,0,0
1688,2016-09-12,28540.42586181235,0.0,28540.42586181235,9720,9780,9850,9720,0.0,9780,0,0
1689,2016-09-13,28540.42586181235,0.0,28540.42586181235,9835,9695,9850,9670,0.0,9695,0,0
1690,2016-09-19,28540.42586181235,0.0,28540.42586181235,9545,9735,9735,9510,0.0,9735,0,0
1691,2016-09-20,28540.42586181235,0.0,28540.42586181235,9675,9725,9735,9610,0.0,9725,0,0
1692,2016-09-21,28540.42586181235,0.0,28540.42586181235,9715,9835,9835,9690,0.0,9835,0,0
1693,2016-09-22,28540.42586181235,0.0,28540.42586181235,9950,9910,9950,9890,0.0,9910,0,0
1694,2016-09-23,28540.42586181235,0.0,28540.42586181235,9925,9960,9990,9925,0.0,9960,0,0
1695,2016-09-26,28540.42586181235,0.0,28540.42586181235,9980,10035,10060,9980,0.0,10035,0,0
1696,2016-09-27,43.28586181235005,28496.1,28539.38586181235,10035,10105,10105,9970,1.0,10105,0,0
1697,2016-09-28,43.28586181235005,28312.8,28356.08586181235,10105,10040,10105,10025,0.0,10040,0,0
1698,2016-09-29,43.28586181235005,29116.5,29159.78586181235,10190,10325,10330,10190,0.0,10325,0,0
1699,2016-09-30,43.28586181235005,28919.1,28962.38586181235,10220,10255,10290,10150,0.0,10255,0,0
1700,2016-10-04,43.28586181235005,28862.699999999997,28905.985861812347,10270,10235,10300,10235,0.0,10235,0,0
1701,2016-10-05,43.28586181235005,28876.8,28920.08586181235,10205,10240,10300,10175,0.0,10240,0,0
1702,2016-10-06,43.28586181235005,28623.0,28666.28586181235,10240,10150,10240,10125,0.0,10150,0,0
1703,2016-10-07,43.28586181235005,28552.5,28595.78586181235,10125,10125,10160,10105,0.0,10125,0,0
1704,2016-10-10,43.28586181235005,28764.0,28807.28586181235,10165,10200,10285,10150,0.0,10200,0,0
1705,2016-10-11,43.28586181235005,29116.5,29159.78586181235,10285,10325,10355,10285,0.0,10325,0,0
1706,2016-10-12,43.28586181235005,28848.6,28891.88586181235,10285,10230,10355,10220,0.0,10230,0,0
1707,2016-10-13,43.28586181235005,28482.0,28525.28586181235,10235,10100,10235,10065,0.0,10100,0,0
1708,2016-10-14,43.28586181235005,28651.199999999997,28694.485861812347,10135,10160,10190,10120,0.0,10160,0,0
1709,2016-10-17,43.28586181235005,28905.0,28948.28586181235,10215,10250,10280,10160,0.0,10250,0,0
1710,2016-10-18,43.28586181235005,29356.199999999997,29399.485861812347,10260,10410,10410,10260,0.0,10410,0,0
1711,2016-10-19,43.28586181235005,29299.8,29343.08586181235,10425,10390,10450,10375,0.0,10390,0,0
1712,2016-10-20,43.28586181235005,29595.899999999998,29639.185861812348,10490,10495,10570,10470,0.0,10495,0,0
1713,2016-10-21,43.28586181235005,29454.899999999998,29498.185861812348,10495,10445,10495,10415,0.0,10445,0,0
1714,2016-10-24,43.28586181235005,29426.699999999997,29469.985861812347,10445,10435,10460,10395,0.0,10435,0,0
1715,2016-10-25,43.28586181235005,29398.5,29441.78586181235,10435,10425,10435,10340,0.0,10425,0,0
1716,2016-10-26,43.28586181235005,28735.8,28779.08586181235,10320,10190,10325,10135,0.0,10190,0,0
1717,2016-10-27,43.28586181235005,28735.8,28779.08586181235,10185,10190,10215,10080,0.0,10190,0,0
1718,2016-10-28,43.28586181235005,28721.699999999997,28764.985861812347,10170,10185,10190,10105,0.0,10185,0,0
1719,2016-10-31,28453.75179685835,0.0,28453.75179685835,10075,10100,10115,10040,-1.0,10100,0,0
1720,2016-11-01,28453.75179685835,0.0,28453.75179685835,10025,10165,10165,9980,0.0,10165,0,0
1721,2016-11-02,28453.75179685835,0.0,28453.75179685835,10125,10090,10165,10050,0.0,10090,0,0
1722,2016-11-03,28453.75179685835,0.0,28453.75179685835,10090,10155,10155,10030,0.0,10155,0,0
1723,2016-11-04,28453.75179685835,0.0,28453.75179685835,10145,10070,10145,10070,0.0,10070,0,0
1724,2016-11-07,28453.75179685835,0.0,28453.75179685835,10190,10300,10300,10190,0.0,10300,0,0
1725,2016-11-08,28453.75179685835,0.0,28453.75179685835,10340,10310,10355,10280,0.0,10310,0,0
1726,2016-11-09,28453.75179685835,0.0,28453.75179685835,10355,9965,10390,9825,0.0,9965,0,0
1727,2016-11-10,28453.75179685835,0.0,28453.75179685835,10150,10245,10265,10140,0.0,10245,0,0
1728,2016-11-11,28453.75179685835,0.0,28453.75179685835,10215,10190,10275,10110,0.0,10190,0,0
1729,2016-11-14,28453.75179685835,0.0,28453.75179685835,10190,10265,10290,10115,0.0,10265,0,0
1730,2016-11-15,80.02179685834926,28372.7,28452.72179685835,10240,10355,10390,10135,1.0,10355,0,0
1731,2016-11-16,80.02179685834926,28345.300000000003,28425.321796858352,10485,10345,10485,10310,0.0,10345,0,0
1732,2016-11-17,80.02179685834926,28126.100000000002,28206.12179685835,10295,10265,10300,10200,0.0,10265,0,0
1733,2016-11-18,80.02179685834926,27783.600000000002,27863.62179685835,10255,10140,10255,10140,0.0,10140,0,0
1734,2016-11-21,27876.31008632755,0.0,27876.31008632755,10145,10110,10195,10110,-1.0,10110,0,0
1735,2016-11-22,30.05008632755198,27845.25,27875.300086327552,10185,10275,10275,10185,1.0,10275,0,0
1736,2016-11-23,30.05008632755198,28007.85,28037.90008632755,10275,10335,10350,10275,0.0,10335,0,0
1737,2016-11-24,27887.83613744275,0.0,27887.83613744275,10280,10100,10280,10090,-1.0,10100,0,0
1738,2016-11-25,27887.83613744275,0.0,27887.83613744275,10140,10120,10150,10060,0.0,10120,0,0
1739,2016-11-28,27887.83613744275,0.0,27887.83613744275,10075,10060,10090,10000,0.0,10060,0,0
1740,2016-11-29,27887.83613744275,0.0,27887.83613744275,10060,10100,10145,10060,0.0,10100,0,0
1741,2016-11-30,27887.83613744275,0.0,27887.83613744275,10100,10050,10100,9970,0.0,10050,0,0
1742,2016-12-01,27887.83613744275,0.0,27887.83613744275,10200,10180,10215,10150,0.0,10180,0,0
1743,2016-12-02,27887.83613744275,0.0,27887.83613744275,10180,10100,10190,10070,0.0,10100,0,0
1744,2016-12-05,27887.83613744275,0.0,27887.83613744275,10100,10105,10185,10060,0.0,10105,0,0
1745,2016-12-06,27887.83613744275,0.0,27887.83613744275,10185,10325,10345,10185,0.0,10325,0,0
1746,2016-12-07,99.12613744275222,27787.7,27886.826137442753,10315,10330,10345,10275,1.0,10330,0,0
1747,2016-12-08,99.12613744275222,28379.5,28478.626137442752,10380,10550,10550,10380,0.0,10550,0,0
1748,2016-12-09,99.12613744275222,28245.0,28344.126137442752,10515,10500,10545,10445,0.0,10500,0,0
1749,2016-12-12,99.12613744275222,28164.3,28263.42613744275,10595,10470,10605,10450,0.0,10470,0,0
1750,2016-12-13,99.12613744275222,28419.85,28518.97613744275,10520,10565,10565,10475,0.0,10565,0,0
1751,2016-12-14,99.12613744275222,28150.85,28249.97613744275,10585,10465,10590,10465,0.0,10465,0,0
1752,2016-12-15,99.12613744275222,28635.05,28734.17613744275,10390,10645,10650,10390,0.0,10645,0,0
1753,2016-12-16,99.12613744275222,28312.25,28411.376137442752,10635,10525,10635,10525,0.0,10525,0,0
1754,2016-12-19,99.12613744275222,28339.149999999998,28438.27613744275,10570,10535,10605,10535,0.0,10535,0,0
1755,2016-12-20,99.12613744275222,28245.0,28344.126137442752,10555,10500,10555,10470,0.0,10500,0,0
1756,2016-12-21,99.12613744275222,28500.55,28599.67613744275,10565,10595,10620,10565,0.0,10595,0,0
1757,2016-12-22,99.12613744275222,28487.1,28586.22613744275,10620,10590,10620,10555,0.0,10590,0,0
1758,2016-12-23,99.12613744275222,28635.05,28734.17613744275,10600,10645,10650,10570,0.0,10645,0,0
1759,2016-12-26,99.12613744275222,28554.35,28653.47613744275,10655,10615,10675,10595,0.0,10615,0,0
1760,2016-12-27,99.12613744275222,28769.55,28868.67613744275,10615,10695,10695,10615,0.0,10695,0,0
1761,2016-12-28,99.12613744275222,29105.8,29204.92613744275,10815,10820,10845,10765,0.0,10820,0,0
1762,2016-12-29,99.12613744275222,29186.5,29285.626137442752,10765,10850,10850,10720,0.0,10850,0,0
1763,2017-01-02,99.12613744275222,29294.1,29393.22613744275,10705,10890,10890,10705,0.0,10890,0,0
1764,2017-01-03,99.12613744275222,29885.899999999998,29985.02613744275,10900,11110,11110,10885,0.0,11110,0,0
1765,2017-01-04,99.12613744275222,29832.1,29931.22613744275,11105,11090,11110,11050,0.0,11090,0,0
1766,2017-01-05,99.12613744275222,29576.55,29675.67613744275,11090,10995,11090,10950,0.0,10995,0,0
1767,2017-01-06,99.12613744275222,29697.6,29796.72613744275,10995,11040,11100,10995,0.0,11040,0,0
1768,2017-01-09,99.12613744275222,29670.7,29769.826137442753,11040,11030,11055,10990,0.0,11030,0,0
1769,2017-01-10,99.12613744275222,29428.6,29527.72613744275,10985,10940,11000,10940,0.0,10940,0,0
1770,2017-01-11,99.12613744275222,30262.5,30361.626137442752,10960,11250,11250,10960,0.0,11250,0,0
1771,2017-01-12,99.12613744275222,30423.899999999998,30523.02613744275,11280,11310,11375,11280,0.0,11310,0,0
1772,2017-01-13,99.12613744275222,30437.35,30536.47613744275,11310,11315,11390,11305,0.0,11315,0,0
1773,2017-01-16,99.12613744275222,30343.2,30442.326137442753,11335,11280,11335,11195,0.0,11280,0,0
1774,2017-01-17,99.12613744275222,30383.55,30482.67613744275,11280,11295,11350,11255,0.0,11295,0,0
1775,2017-01-18,99.12613744275222,30101.1,30200.22613744275,11305,11190,11305,11135,0.0,11190,0,0
1776,2017-01-19,99.12613744275222,30033.85,30132.97613744275,11225,11165,11255,11095,0.0,11165,0,0
1777,2017-01-20,99.12613744275222,29616.899999999998,29716.02613744275,11135,11010,11135,11000,0.0,11010,0,0
1778,2017-01-23,99.12613744275222,29711.05,29810.17613744275,11080,11045,11080,11010,0.0,11045,0,0
1779,2017-01-24,99.12613744275222,29697.6,29796.72613744275,11030,11040,11040,10970,0.0,11040,0,0
1780,2017-01-25,99.12613744275222,29670.7,29769.826137442753,11090,11030,11110,11000,0.0,11030,0,0
1781,2017-01-26,99.12613744275222,29953.149999999998,30052.27613744275,11050,11135,11185,11040,0.0,11135,0,0
1782,2017-01-31,29889.79183690975,0.0,29889.79183690975,11075,10885,11075,10865,-1.0,10885,0,0
1783,2017-02-01,29889.79183690975,0.0,29889.79183690975,10890,11045,11045,10890,0.0,11045,0,0
1784,2017-02-02,87.1118369097494,29801.600000000002,29888.71183690975,11020,11120,11200,11020,1.0,11120,0,0
1785,2017-02-03,29941.22522705055,0.0,29941.22522705055,11140,10950,11165,10950,-1.0,10950,0,0
1786,2017-02-06,29941.22522705055,0.0,29941.22522705055,11125,10950,11125,10925,0.0,10950,0,0
1787,2017-02-07,29941.22522705055,0.0,29941.22522705055,10950,10780,10950,10780,0.0,10780,0,0
1788,2017-02-08,29941.22522705055,0.0,29941.22522705055,10825,10840,10860,10740,0.0,10840,0,0
1789,2017-02-09,29941.22522705055,0.0,29941.22522705055,10880,10900,10915,10840,0.0,10900,0,0
1790,2017-02-10,29941.22522705055,0.0,29941.22522705055,10935,11135,11135,10935,0.0,11135,0,0
1791,2017-02-13,68.33522705054929,29871.800000000003,29940.135227050552,11150,11230,11235,11135,1.0,11230,0,0
1792,2017-02-14,68.33522705054929,29712.2,29780.53522705055,11250,11170,11260,11150,0.0,11170,0,0
1793,2017-02-15,68.33522705054929,29925.0,29993.33522705055,11170,11250,11250,11170,0.0,11250,0,0
1794,2017-02-16,68.33522705054929,29512.7,29581.03522705055,11250,11095,11250,11075,0.0,11095,0,0
1795,2017-02-17,68.33522705054929,29632.4,29700.73522705055,11100,11140,11210,11100,0.0,11140,0,0
1796,2017-02-20,68.33522705054929,29260.0,29328.33522705055,11130,11000,11130,10985,0.0,11000,0,0
1797,2017-02-21,68.33522705054929,29406.300000000003,29474.635227050552,11025,11055,11100,11020,0.0,11055,0,0
1798,2017-02-22,68.33522705054929,29459.5,29527.83522705055,11120,11075,11120,11050,0.0,11075,0,0
1799,2017-02-23,68.33522705054929,29419.600000000002,29487.93522705055,11075,11060,11075,11050,0.0,11060,0,0
1800,2017-02-24,29579.961082821348,0.0,29579.961082821348,11095,10920,11110,10920,-1.0,10920,0,0
1801,2017-02-27,29579.961082821348,0.0,29579.961082821348,10930,10930,10930,10825,0.0,10930,0,0
1802,2017-02-28,29579.961082821348,0.0,29579.961082821348,10930,11015,11020,10910,0.0,11015,0,0
1803,2017-03-02,29579.961082821348,0.0,29579.961082821348,11085,11045,11090,10995,0.0,11045,0,0
1804,2017-03-03,29579.961082821348,0.0,29579.961082821348,11040,10950,11040,10875,0.0,10950,0,0
1805,2017-03-06,29579.961082821348,0.0,29579.961082821348,10920,10870,10920,10700,0.0,10870,0,0
1806,2017-03-07,29579.961082821348,0.0,29579.961082821348,10870,10980,11000,10840,0.0,10980,0,0
1807,2017-03-08,29579.961082821348,0.0,29579.961082821348,10925,10955,10980,10905,0.0,10955,0,0
1808,2017-03-09,29579.961082821348,0.0,29579.961082821348,10945,10845,10945,10825,0.0,10845,0,0
1809,2017-03-10,29579.961082821348,0.0,29579.961082821348,10845,10810,10845,10760,0.0,10810,0,0
1810,2017-03-13,29579.961082821348,0.0,29579.961082821348,10805,10925,10940,10805,0.0,10925,0,0
1811,2017-03-14,29579.961082821348,0.0,29579.961082821348,10985,10930,11010,10930,0.0,10930,0,0
1812,2017-03-15,29579.961082821348,0.0,29579.961082821348,10930,11000,11000,10930,0.0,11000,0,0
1813,2017-03-16,63.69108282134766,29515.2,29578.89108282135,11100,11180,11225,11095,1.0,11180,0,0
1814,2017-03-17,63.69108282134766,29594.4,29658.09108282135,11215,11210,11215,11110,0.0,11210,0,0
1815,2017-03-20,63.69108282134766,29568.0,29631.691082821348,11210,11200,11210,11150,0.0,11200,0,0
1816,2017-03-21,63.69108282134766,30148.800000000003,30212.49108282135,11240,11420,11430,11240,0.0,11420,0,0
1817,2017-03-22,63.69108282134766,29594.4,29658.09108282135,11360,11210,11360,11180,0.0,11210,0,0
1818,2017-03-23,63.69108282134766,29607.600000000002,29671.29108282135,11235,11215,11320,11205,0.0,11215,0,0
1819,2017-03-24,63.69108282134766,29502.0,29565.691082821348,11260,11175,11260,11175,0.0,11175,0,0
1820,2017-03-27,63.69108282134766,29277.600000000002,29341.29108282135,11205,11090,11205,11070,0.0,11090,0,0
1821,2017-03-28,63.69108282134766,29845.2,29908.89108282135,11260,11305,11320,11260,0.0,11305,0,0
1822,2017-03-29,63.69108282134766,30135.600000000002,30199.29108282135,11385,11415,11420,11325,0.0,11415,0,0
1823,2017-03-30,63.69108282134766,30175.2,30238.89108282135,11420,11430,11550,11405,0.0,11430,0,0
1824,2017-03-31,63.69108282134766,30505.2,30568.89108282135,11510,11555,11600,11510,0.0,11555,0,0
1825,2017-04-03,63.69108282134766,30478.800000000003,30542.49108282135,11575,11545,11580,11470,0.0,11545,0,0
1826,2017-04-04,63.69108282134766,29950.800000000003,30014.49108282135,11420,11345,11430,11310,0.0,11345,0,0
1827,2017-04-05,63.69108282134766,30043.2,30106.89108282135,11380,11380,11430,11275,0.0,11380,0,0
1828,2017-04-06,63.69108282134766,30016.800000000003,30080.49108282135,11330,11370,11370,11295,0.0,11370,0,0
1829,2017-04-07,63.69108282134766,30030.0,30093.691082821348,11370,11375,11380,11300,0.0,11375,0,0
1830,2017-04-10,63.69108282134766,29568.0,29631.691082821348,11365,11200,11365,11175,0.0,11200,0,0
1831,2017-04-11,63.69108282134766,29700.0,29763.691082821348,11210,11250,11300,11205,0.0,11250,0,0
1832,2017-04-12,63.69108282134766,29779.2,29842.89108282135,11250,11280,11280,11230,0.0,11280,0,0
1833,2017-04-13,29841.807239058147,0.0,29841.807239058147,11280,11165,11280,11120,-1.0,11165,0,0
1834,2017-04-14,29841.807239058147,0.0,29841.807239058147,11135,11115,11155,11085,0.0,11115,0,0
1835,2017-04-17,29841.807239058147,0.0,29841.807239058147,11190,11190,11210,11130,0.0,11190,0,0
1836,2017-04-18,29841.807239058147,0.0,29841.807239058147,11235,11140,11235,11080,0.0,11140,0,0
1837,2017-04-19,29841.807239058147,0.0,29841.807239058147,11125,11120,11215,11110,0.0,11120,0,0
1838,2017-04-20,29841.807239058147,0.0,29841.807239058147,11120,11190,11190,11065,0.0,11190,0,0
1839,2017-04-21,29841.807239058147,0.0,29841.807239058147,11205,11220,11240,11180,0.0,11220,0,0
1840,2017-04-24,29841.807239058147,0.0,29841.807239058147,11235,11230,11275,11195,0.0,11230,0,0
1841,2017-04-25,86.72723905814564,29754.0,29840.727239058146,11270,11400,11400,11270,1.0,11400,0,0
1842,2017-04-26,86.72723905814564,30028.05,30114.777239058145,11440,11505,11600,11440,0.0,11505,0,0
1843,2017-04-27,86.72723905814564,29362.5,29449.227239058146,11335,11250,11335,11215,0.0,11250,0,0
1844,2017-04-28,29200.217585896342,0.0,29200.217585896342,11155,11105,11155,11050,-1.0,11105,0,0
1845,2017-05-02,29200.217585896342,0.0,29200.217585896342,11105,11165,11250,11100,0.0,11165,0,0
1846,2017-05-04,29200.217585896342,0.0,29200.217585896342,11180,11130,11260,11130,0.0,11130,0,0
1847,2017-05-08,29200.217585896342,0.0,29200.217585896342,11130,11235,11235,11080,0.0,11235,0,0
1848,2017-05-10,29200.217585896342,0.0,29200.217585896342,11305,11205,11405,11160,0.0,11205,0,0
1849,2017-05-11,65.4075858963406,29133.749999999996,29199.157585896337,11230,11425,11425,11230,1.0,11425,0,0
1850,2017-05-12,65.4075858963406,29312.249999999996,29377.657585896337,11465,11495,11495,11415,0.0,11495,0,0
1851,2017-05-15,65.4075858963406,29222.999999999996,29288.407585896337,11495,11460,11500,11400,0.0,11460,0,0
1852,2017-05-16,65.4075858963406,29401.499999999996,29466.907585896337,11480,11530,11545,11480,0.0,11530,0,0
1853,2017-05-17,65.4075858963406,29006.249999999996,29071.657585896337,11525,11375,11525,11345,0.0,11375,0,0
1854,2017-05-18,65.4075858963406,29006.249999999996,29071.657585896337,11275,11375,11375,11255,0.0,11375,0,0
1855,2017-05-19,65.4075858963406,29095.499999999996,29160.907585896337,11365,11410,11420,11360,0.0,11410,0,0
1856,2017-05-22,65.4075858963406,29656.499999999996,29721.907585896337,11430,11630,11680,11430,0.0,11630,0,0
1857,2017-05-23,65.4075858963406,29962.499999999996,30027.907585896337,11660,11750,11805,11660,0.0,11750,0,0
1858,2017-05-24,65.4075858963406,29936.999999999996,30002.407585896337,11785,11740,11810,11720,0.0,11740,0,0
1859,2017-05-25,65.4075858963406,30357.749999999996,30423.157585896337,11755,11905,11980,11755,0.0,11905,0,0
1860,2017-05-26,65.4075858963406,30548.999999999996,30614.407585896337,11940,11980,11980,11880,0.0,11980,0,0
1861,2017-05-29,65.4075858963406,30829.499999999996,30894.907585896337,12005,12090,12195,12005,0.0,12090,0,0
1862,2017-05-30,65.4075858963406,30752.999999999996,30818.407585896337,12090,12060,12140,11965,0.0,12060,0,0
1863,2017-05-31,65.4075858963406,30587.249999999996,30652.657585896337,12060,11995,12065,11935,0.0,11995,0,0
1864,2017-06-01,65.4075858963406,30472.499999999996,30537.907585896337,11980,11950,12020,11895,0.0,11950,0,0
1865,2017-06-02,65.4075858963406,30115.499999999996,30180.907585896337,11950,11810,11950,11765,0.0,11810,0,0
1866,2017-06-05,65.4075858963406,29860.499999999996,29925.907585896337,11810,11710,11810,11670,0.0,11710,0,0
1867,2017-06-07,65.4075858963406,29758.499999999996,29823.907585896337,11715,11670,11715,11615,0.0,11670,0,0
1868,2017-06-08,65.4075858963406,29643.749999999996,29709.157585896337,11645,11625,11645,11470,0.0,11625,0,0
1869,2017-06-09,65.4075858963406,29847.749999999996,29913.157585896337,11625,11705,11745,11625,0.0,11705,0,0
1870,2017-06-12,65.4075858963406,29656.499999999996,29721.907585896337,11750,11630,11825,11630,0.0,11630,0,0
1871,2017-06-13,65.4075858963406,29962.499999999996,30027.907585896337,11670,11750,11755,11660,0.0,11750,0,0
1872,2017-06-14,30001.317998844337,0.0,30001.317998844337,11740,11550,11740,11525,-1.0,11550,0,0
1873,2017-06-15,30001.317998844337,0.0,30001.317998844337,11525,11405,11525,11295,0.0,11405,0,0
1874,2017-06-16,30001.317998844337,0.0,30001.317998844337,11535,11490,11540,11470,0.0,11490,0,0
1875,2017-06-19,30001.317998844337,0.0,30001.317998844337,11520,11540,11580,11500,0.0,11540,0,0
1876,2017-06-20,30001.317998844337,0.0,30001.317998844337,11540,11465,11540,11455,0.0,11465,0,0
1877,2017-06-21,30001.317998844337,0.0,30001.317998844337,11400,11495,11525,11310,0.0,11495,0,0
1878,2017-06-22,30001.317998844337,0.0,30001.317998844337,11495,11560,11560,11405,0.0,11560,0,0
1879,2017-06-23,30001.317998844337,0.0,30001.317998844337,11560,11550,11560,11460,0.0,11550,0,0
1880,2017-06-26,30001.317998844337,0.0,30001.317998844337,11550,11495,11580,11490,0.0,11495,0,0
1881,2017-06-27,30001.317998844337,0.0,30001.317998844337,11515,11505,11550,11460,0.0,11505,0,0
1882,2017-06-28,30001.317998844337,0.0,30001.317998844337,11515,11450,11550,11440,0.0,11450,0,0
1883,2017-06-29,30001.317998844337,0.0,30001.317998844337,11575,11505,11575,11465,0.0,11505,0,0
1884,2017-06-30,30001.317998844337,0.0,30001.317998844337,11450,11655,11655,11440,0.0,11655,0,0
1885,2017-07-03,-0.5220011556630197,30000.749999999996,30000.227998844333,11695,11765,11775,11655,1.0,11765,0,0
1886,2017-07-04,-0.5220011556630197,29656.499999999996,29655.977998844333,11835,11630,11835,11580,0.0,11630,0,0
1887,2017-07-05,-0.5220011556630197,29758.499999999996,29757.977998844333,11625,11670,11670,11535,0.0,11670,0,0
1888,2017-07-06,-0.5220011556630197,29630.999999999996,29630.477998844333,11615,11620,11630,11535,0.0,11620,0,0
1889,2017-07-07,-0.5220011556630197,29618.249999999996,29617.727998844333,11560,11615,11620,11550,0.0,11615,0,0
1890,2017-07-10,-0.5220011556630197,29834.999999999996,29834.477998844333,11615,11700,11700,11525,0.0,11700,0,0
1891,2017-07-11,-0.5220011556630197,30191.999999999996,30191.477998844333,11700,11840,11885,11700,0.0,11840,0,0
1892,2017-07-12,-0.5220011556630197,30102.749999999996,30102.227998844333,11840,11805,11880,11740,0.0,11805,0,0
1893,2017-07-13,-0.5220011556630197,30472.499999999996,30471.977998844333,11850,11950,11995,11850,0.0,11950,0,0
1894,2017-07-14,-0.5220011556630197,31007.999999999996,31007.477998844333,11955,12160,12160,11955,0.0,12160,0,0
1895,2017-07-17,-0.5220011556630197,31173.749999999996,31173.227998844333,12225,12225,12230,12150,0.0,12225,0,0
1896,2017-07-18,-0.5220011556630197,31313.999999999996,31313.477998844333,12235,12280,12280,12150,0.0,12280,0,0
1897,2017-07-19,-0.5220011556630197,31173.749999999996,31173.227998844333,12280,12225,12280,12180,0.0,12225,0,0
1898,2017-07-20,-0.5220011556630197,31619.999999999996,31619.477998844333,12305,12400,12410,12305,0.0,12400,0,0
1899,2017-07-21,-0.5220011556630197,31517.999999999996,31517.477998844333,12395,12360,12425,12295,0.0,12360,0,0
1900,2017-07-24,-0.5220011556630197,31747.499999999996,31746.977998844333,12405,12450,12450,12320,0.0,12450,0,0
1901,2017-07-25,-0.5220011556630197,31696.499999999996,31695.977998844333,12450,12430,12495,12360,0.0,12430,0,0
1902,2017-07-26,-0.5220011556630197,31734.749999999996,31734.227998844333,12505,12445,12575,12325,0.0,12445,0,0
1903,2017-07-27,-0.5220011556630197,31989.749999999996,31989.227998844333,12485,12545,12590,12480,0.0,12545,0,0
1904,2017-07-28,-0.5220011556630197,31645.499999999996,31644.977998844333,12540,12410,12540,12365,0.0,12410,0,0
1905,2017-07-31,-0.5220011556630197,32180.999999999996,32180.477998844333,12355,12620,12650,12355,0.0,12620,0,0
1906,2017-08-01,-0.5220011556630197,32588.999999999996,32588.477998844333,12620,12780,12870,12620,0.0,12780,0,0
1907,2017-08-02,-0.5220011556630197,32601.749999999996,32601.227998844333,12770,12785,12785,12680,0.0,12785,0,0
1908,2017-08-03,-0.5220011556630197,31951.499999999996,31950.977998844333,12755,12530,12755,12440,0.0,12530,0,0
1909,2017-08-04,-0.5220011556630197,32933.25,32932.72799884433,12510,12915,12930,12510,0.0,12915,0,0
1910,2017-08-07,-0.5220011556630197,32716.499999999996,32715.977998844333,12940,12830,13035,12830,0.0,12830,0,0
1911,2017-08-08,-0.5220011556630197,32716.499999999996,32715.977998844333,12830,12830,12855,12620,0.0,12830,0,0
1912,2017-08-09,-0.5220011556630197,32346.749999999996,32346.227998844333,12695,12685,12755,12650,0.0,12685,0,0
1913,2017-08-10,-0.5220011556630197,32282.999999999996,32282.477998844333,12665,12660,12730,12480,0.0,12660,0,0
1914,2017-08-11,-0.5220011556630197,32040.749999999996,32040.227998844333,12375,12565,12625,12365,0.0,12565,0,0
1915,2017-08-14,-0.5220011556630197,32563.499999999996,32562.977998844333,12665,12770,12790,12665,0.0,12770,0,0
1916,2017-08-16,-0.5220011556630197,32129.999999999996,32129.477998844333,12805,12600,12805,12525,0.0,12600,0,0
1917,2017-08-17,-0.5220011556630197,32308.499999999996,32307.977998844333,12550,12670,12680,12530,0.0,12670,0,0
1918,2017-08-18,-0.5220011556630197,32384.999999999996,32384.477998844333,12550,12700,12735,12550,0.0,12700,0,0
1919,2017-08-21,-0.5220011556630197,32499.749999999996,32499.227998844333,12815,12745,12860,12745,0.0,12745,0,0
1920,2017-08-22,-0.5220011556630197,32971.5,32970.97799884433,12755,12930,12940,12755,0.0,12930,0,0
1921,2017-08-23,-0.5220011556630197,32818.5,32817.97799884433,12970,12870,12970,12820,0.0,12870,0,0
1922,2017-08-24,-0.5220011556630197,33239.25,33238.72799884433,12870,13035,13090,12870,0.0,13035,0,0
1923,2017-08-25,-0.5220011556630197,33201.0,33200.47799884433,13035,13020,13060,12910,0.0,13020,0,0
1924,2017-08-28,-0.5220011556630197,33443.25,33442.72799884433,13035,13115,13115,12990,0.0,13115,0,0
1925,2017-08-29,-0.5220011556630197,33379.5,33378.97799884433,13020,13090,13115,12900,0.0,13090,0,0
1926,2017-08-30,-0.5220011556630197,33915.0,33914.47799884433,13135,13300,13300,13135,0.0,13300,0,0
1927,2017-08-31,-0.5220011556630197,34029.75,34029.22799884433,13420,13345,13580,13290,0.0,13345,0,0
1928,2017-09-01,-0.5220011556630197,33889.5,33888.97799884433,13455,13290,13455,13280,0.0,13290,0,0
1929,2017-09-04,-0.5220011556630197,33813.0,33812.47799884433,12970,13260,13345,12970,0.0,13260,0,0
1930,2017-09-05,-0.5220011556630197,33558.0,33557.47799884433,13355,13160,13355,13050,0.0,13160,0,0
1931,2017-09-06,-0.5220011556630197,33609.0,33608.47799884433,13160,13180,13290,13105,0.0,13180,0,0
1932,2017-09-07,-0.5220011556630197,33787.5,33786.97799884433,13235,13250,13280,13160,0.0,13250,0,0
1933,2017-09-08,-0.5220011556630197,33583.5,33582.97799884433,13225,13170,13225,13120,0.0,13170,0,0
1934,2017-09-11,-0.5220011556630197,34641.75,34641.22799884433,13220,13585,13590,13220,0.0,13585,0,0
1935,2017-09-12,-0.5220011556630197,34463.25,34462.72799884433,13640,13515,13640,13495,0.0,13515,0,0
1936,2017-09-13,-0.5220011556630197,35088.0,35087.47799884433,13575,13760,13820,13575,0.0,13760,0,0
1937,2017-09-14,-0.5220011556630197,34909.5,34908.97799884433,13780,13690,13800,13570,0.0,13690,0,0
1938,2017-09-15,-0.5220011556630197,34374.0,34373.47799884433,13600,13480,13660,13400,0.0,13480,0,0
1939,2017-09-18,-0.5220011556630197,34374.0,34373.47799884433,13500,13480,13555,13430,0.0,13480,0,0
1940,2017-09-19,-0.5220011556630197,34463.25,34462.72799884433,13465,13515,13550,13440,0.0,13515,0,0
1941,2017-09-20,-0.5220011556630197,34029.75,34029.22799884433,13515,13345,13555,13305,0.0,13345,0,0
1942,2017-09-21,-0.5220011556630197,33902.25,33901.72799884433,13375,13295,13420,13285,0.0,13295,0,0
1943,2017-09-22,33900.49409255333,0.0,33900.49409255333,13295,12865,13295,12745,-1.0,12865,0,0
1944,2017-09-25,33900.49409255333,0.0,33900.49409255333,12800,12875,12885,12720,0.0,12875,0,0
1945,2017-09-26,33900.49409255333,0.0,33900.49409255333,12885,13000,13030,12885,0.0,13000,0,0
1946,2017-09-27,33900.49409255333,0.0,33900.49409255333,13000,12985,13065,12980,0.0,12985,0,0
1947,2017-09-28,33900.49409255333,0.0,33900.49409255333,13005,13100,13100,12860,0.0,13100,0,0
1948,2017-09-29,33900.49409255333,0.0,33900.49409255333,13200,13230,13250,13135,0.0,13230,0,0
1949,2017-10-10,33900.49409255333,0.0,33900.49409255333,13360,13335,13445,13205,0.0,13335,0,0
1950,2017-10-11,33900.49409255333,0.0,33900.49409255333,13440,13210,13505,13210,0.0,13210,0,0
1951,2017-10-12,123.76409255332692,33775.5,33899.26409255333,13245,13350,13370,13245,1.0,13350,0,0
1952,2017-10-13,123.76409255332692,33573.1,33696.864092553325,13350,13270,13430,13230,0.0,13270,0,0
1953,2017-10-16,33885.38525986472,0.0,33885.38525986472,13345,13190,13380,13145,-1.0,13190,0,0
1954,2017-10-17,32.905259864717664,33851.25,33884.15525986472,13270,13275,13290,13160,1.0,13275,0,0
1955,2017-10-18,32.905259864717664,33915.0,33947.90525986472,13310,13300,13395,13250,0.0,13300,0,0
1956,2017-10-19,32.905259864717664,34195.5,34228.40525986472,13370,13410,13440,13340,0.0,13410,0,0
1957,2017-10-20,32.905259864717664,34131.75,34164.65525986472,13440,13385,13450,13315,0.0,13385,0,0
1958,2017-10-23,32.905259864717664,34463.25,34496.15525986472,13400,13515,13530,13400,0.0,13515,0,0
1959,2017-10-24,32.905259864717664,34335.75,34368.65525986472,13485,13465,13540,13440,0.0,13465,0,0
1960,2017-10-25,32.905259864717664,34221.0,34253.90525986472,13485,13420,13515,13395,0.0,13420,0,0
1961,2017-10-26,32.905259864717664,34080.75,34113.65525986472,13430,13365,13510,13320,0.0,13365,0,0
1962,2017-10-27,32.905259864717664,34539.75,34572.65525986472,13420,13545,13575,13420,0.0,13545,0,0
1963,2017-10-30,32.905259864717664,34399.5,34432.40525986472,13640,13490,13640,13455,0.0,13490,0,0
1964,2017-10-31,32.905259864717664,34170.0,34202.90525986472,13490,13400,13490,13325,0.0,13400,0,0
1965,2017-11-01,32.905259864717664,34884.0,34916.90525986472,13365,13680,13680,13365,0.0,13680,0,0
1966,2017-11-02,32.905259864717664,34807.5,34840.40525986472,13680,13650,13725,13585,0.0,13650,0,0
1967,2017-11-03,32.905259864717664,34858.5,34891.40525986472,13675,13670,13700,13585,0.0,13670,0,0
1968,2017-11-06,32.905259864717664,34756.5,34789.40525986472,13670,13630,13800,13590,0.0,13630,0,0
1969,2017-11-07,32.905259864717664,34718.25,34751.15525986472,13720,13615,13770,13585,0.0,13615,0,0
1970,2017-11-08,32.905259864717664,34756.5,34789.40525986472,13560,13630,13690,13550,0.0,13630,0,0
1971,2017-11-09,32.905259864717664,34922.25,34955.15525986472,13730,13695,13750,13635,0.0,13695,0,0
1972,2017-11-10,32.905259864717664,34731.0,34763.90525986472,13680,13620,13680,13555,0.0,13620,0,0
1973,2017-11-13,32.905259864717664,33723.75,33756.65525986472,13610,13225,13610,13210,0.0,13225,0,0
1974,2017-11-14,33870.17367381872,0.0,33870.17367381872,13270,13315,13315,13185,-1.0,13315,0,0
1975,2017-11-15,33870.17367381872,0.0,33870.17367381872,13270,13125,13270,13055,0.0,13125,0,0
1976,2017-11-16,33870.17367381872,0.0,33870.17367381872,13080,13390,13515,13055,0.0,13390,0,0
1977,2017-11-17,33870.17367381872,0.0,33870.17367381872,13470,13440,13550,13400,0.0,13440,0,0
1978,2017-11-20,33870.17367381872,0.0,33870.17367381872,13485,13355,13505,13335,0.0,13355,0,0
1979,2017-11-21,33870.17367381872,0.0,33870.17367381872,13380,13480,13480,13355,0.0,13480,0,0
1980,2017-11-22,33870.17367381872,0.0,33870.17367381872,13550,13570,13575,13520,0.0,13570,0,0
1981,2017-11-23,91.34367381871562,33777.6,33868.943673818714,13620,13620,13690,13605,1.0,13620,0,0
1982,2017-11-24,91.34367381871562,33976.0,34067.343673818716,13665,13700,13740,13625,0.0,13700,0,0
1983,2017-11-27,91.34367381871562,33976.0,34067.343673818716,13790,13700,13790,13620,0.0,13700,0,0
1984,2017-11-28,91.34367381871562,33963.6,34054.943673818714,13645,13695,13725,13645,0.0,13695,0,0
1985,2017-11-29,91.34367381871562,34100.0,34191.343673818716,13695,13750,13820,13660,0.0,13750,0,0
1986,2017-11-30,91.34367381871562,33938.8,34030.14367381872,13800,13685,13800,13670,0.0,13685,0,0
1987,2017-12-01,91.34367381871562,33666.0,33757.343673818716,13700,13575,13700,13480,0.0,13575,0,0
1988,2017-12-04,91.34367381871562,34075.2,34166.54367381871,13595,13740,13750,13595,0.0,13740,0,0
1989,2017-12-05,91.34367381871562,34124.8,34216.14367381872,13715,13760,13760,13645,0.0,13760,0,0
1990,2017-12-06,91.34367381871562,33839.6,33930.943673818714,13760,13645,13785,13635,0.0,13645,0,0
1991,2017-12-07,91.34367381871562,33157.6,33248.943673818714,13615,13370,13615,13325,0.0,13370,0,0
1992,2017-12-08,33545.32603835951,0.0,33545.32603835951,13490,13410,13490,13345,-1.0,13410,0,0
1993,2017-12-11,33545.32603835951,0.0,33545.32603835951,13410,13540,13550,13410,0.0,13540,0,0
1994,2017-12-12,33545.32603835951,0.0,33545.32603835951,13555,13355,13555,13275,0.0,13355,0,0
1995,2017-12-13,33545.32603835951,0.0,33545.32603835951,13375,13550,13550,13370,0.0,13550,0,0
1996,2017-12-14,33545.32603835951,0.0,33545.32603835951,13550,13545,13675,13545,0.0,13545,0,0
1997,2017-12-15,33545.32603835951,0.0,33545.32603835951,13585,13610,13620,13520,0.0,13610,0,0
1998,2017-12-18,51.206038359508966,33492.9,33544.10603835951,13630,13615,13645,13550,1.0,13615,0,0
1999,2017-12-19,51.206038359508966,33480.6,33531.80603835951,13615,13610,13660,13530,0.0,13610,0,0
2000,2017-12-20,51.206038359508966,33468.3,33519.50603835951,13610,13605,13670,13600,0.0,13605,0,0
2001,2017-12-21,51.206038359508966,33308.4,33359.60603835951,13605,13540,13640,13520,0.0,13540,0,0
2002,2017-12-22,51.206038359508966,33369.9,33421.10603835951,13540,13565,13620,13505,0.0,13565,0,0
2003,2017-12-26,51.206038359508966,33738.9,33790.10603835951,13600,13715,13740,13600,0.0,13715,0,0
2004,2017-12-27,51.206038359508966,34169.4,34220.60603835951,13865,13890,13890,13770,0.0,13890,0,0
2005,2017-12-28,51.206038359508966,34722.9,34774.10603835951,13890,14115,14115,13845,0.0,14115,0,0
2006,2018-01-02,51.206038359508966,34870.5,34921.70603835951,14165,14175,14200,14065,0.0,14175,0,0
2007,2018-01-03,51.206038359508966,34796.7,34847.906038359506,14125,14145,14210,14080,0.0,14145,0,0
2008,2018-01-04,51.206038359508966,34107.9,34159.10603835951,14170,13865,14185,13865,0.0,13865,0,0
2009,2018-01-05,51.206038359508966,34686.0,34737.20603835951,13910,14100,14100,13900,0.0,14100,0,0
2010,2018-01-08,51.206038359508966,35104.2,35155.406038359506,14155,14270,14270,14055,0.0,14270,0,0
2011,2018-01-09,51.206038359508966,35018.1,35069.30603835951,14295,14235,14430,14200,0.0,14235,0,0
2012,2018-01-10,51.206038359508966,35424.0,35475.20603835951,14300,14400,14400,14255,0.0,14400,0,0
2013,2018-01-11,51.206038359508966,35178.0,35229.20603835951,14400,14300,14415,14200,0.0,14300,0,0
2014,2018-01-12,51.206038359508966,35374.8,35426.00603835951,14330,14380,14400,14305,0.0,14380,0,0
2015,2018-01-15,51.206038359508966,35608.5,35659.70603835951,14380,14475,14540,14380,0.0,14475,0,0
2016,2018-01-16,51.206038359508966,35362.5,35413.70603835951,14465,14375,14465,14290,0.0,14375,0,0
2017,2018-01-17,51.206038359508966,35104.2,35155.406038359506,14375,14270,14395,14185,0.0,14270,0,0
2018,2018-01-18,51.206038359508966,34440.0,34491.20603835951,14305,14000,14345,14000,0.0,14000,0,0
2019,2018-01-19,51.206038359508966,34833.6,34884.80603835951,14085,14160,14220,14075,0.0,14160,0,0
2020,2018-01-22,51.206038359508966,35214.9,35266.10603835951,14230,14315,14315,14175,0.0,14315,0,0
2021,2018-01-23,51.206038359508966,35583.9,35635.10603835951,14305,14465,14485,14235,0.0,14465,0,0
2022,2018-01-24,51.206038359508966,35657.7,35708.906038359506,14445,14495,14595,14445,0.0,14495,0,0
2023,2018-01-25,51.206038359508966,35989.8,36041.00603835951,14515,14630,14680,14515,0.0,14630,0,0
2024,2018-01-26,51.206038359508966,35817.6,35868.80603835951,14610,14560,14720,14510,0.0,14560,0,0
2025,2018-01-29,51.206038359508966,36912.3,36963.50603835951,14590,15005,15045,14590,0.0,15005,0,0
2026,2018-01-30,51.206038359508966,36703.2,36754.406038359506,15010,14920,15200,14920,0.0,14920,0,0
2027,2018-01-31,51.206038359508966,36506.4,36557.60603835951,14820,14840,14850,14575,0.0,14840,0,0
2028,2018-02-01,51.206038359508966,36346.5,36397.70603835951,14840,14775,14970,14770,0.0,14775,0,0
2029,2018-02-02,51.206038359508966,35547.0,35598.20603835951,14765,14450,14765,14380,0.0,14450,0,0
2030,2018-02-05,51.206038359508966,34845.9,34897.10603835951,14155,14165,14295,14105,0.0,14165,0,0
2031,2018-02-06,33874.97494365951,0.0,33874.97494365951,13750,13985,14060,13600,-1.0,13985,0,0
2032,2018-02-07,33874.97494365951,0.0,33874.97494365951,14200,13600,14225,13600,0.0,13600,0,0
2033,2018-02-08,33874.97494365951,0.0,33874.97494365951,13575,13625,13760,13450,0.0,13625,0,0
2034,2018-02-09,33874.97494365951,0.0,33874.97494365951,13335,13545,13570,13290,0.0,13545,0,0
2035,2018-02-12,33874.97494365951,0.0,33874.97494365951,13575,13610,13720,13395,0.0,13610,0,0
2036,2018-02-13,33874.97494365951,0.0,33874.97494365951,13725,13630,13780,13595,0.0,13630,0,0
2037,2018-02-14,33874.97494365951,0.0,33874.97494365951,13595,13695,13750,13565,0.0,13695,0,0
2038,2018-02-19,33874.97494365951,0.0,33874.97494365951,13975,14100,14100,13910,0.0,14100,0,0
2039,2018-02-20,33874.97494365951,0.0,33874.97494365951,14135,13995,14135,13940,0.0,13995,0,0
2040,2018-02-21,33874.97494365951,0.0,33874.97494365951,13990,14030,14050,13845,0.0,14030,0,0
2041,2018-02-22,33874.97494365951,0.0,33874.97494365951,13930,13905,13950,13815,0.0,13905,0,0
2042,2018-02-23,33874.97494365951,0.0,33874.97494365951,14025,14215,14215,13970,0.0,14215,0,0
2043,2018-02-26,88.74494365950522,33785.0,33873.744943659505,14365,14500,14540,14360,1.0,14500,0,0
2044,2018-02-27,88.74494365950522,33680.15,33768.89494365951,14605,14455,14660,14455,0.0,14455,0,0
2045,2018-02-28,88.74494365950522,33237.450000000004,33326.19494365951,14385,14265,14435,14230,0.0,14265,0,0
2046,2018-03-02,88.74494365950522,33330.65,33419.39494365951,14110,14305,14305,14005,0.0,14305,0,0
2047,2018-03-05,88.74494365950522,32468.55,32557.294943659504,14305,13935,14305,13935,0.0,13935,0,0
2048,2018-03-06,88.74494365950522,32759.8,32848.54494365951,14125,14060,14125,13985,0.0,14060,0,0
2049,2018-03-07,32789.1047380457,0.0,32789.1047380457,14035,14015,14090,13900,-1.0,14015,0,0
2050,2018-03-08,32789.1047380457,0.0,32789.1047380457,13985,13970,13985,13755,0.0,13970,0,0
2051,2018-03-09,98.16473804570342,32689.75,32787.9147380457,14045,14275,14285,14045,1.0,14275,0,0
2052,2018-03-12,98.16473804570342,33067.6,33165.764738045706,14445,14440,14470,14385,0.0,14440,0,0
2053,2018-03-13,98.16473804570342,32907.3,33005.4647380457,14400,14370,14430,14300,0.0,14370,0,0
2054,2018-03-14,98.16473804570342,32976.0,33074.1647380457,14355,14400,14530,14355,0.0,14400,0,0
2055,2018-03-15,98.16473804570342,33090.5,33188.6647380457,14400,14450,14455,14305,0.0,14450,0,0
2056,2018-03-16,98.16473804570342,32666.850000000002,32765.014738045706,14440,14265,14440,14265,0.0,14265,0,0
2057,2018-03-19,98.16473804570342,32563.8,32661.964738045703,14375,14220,14375,14200,0.0,14220,0,0
2058,2018-03-20,98.16473804570342,32540.9,32639.064738045705,14135,14210,14220,14120,0.0,14210,0,0
2059,2018-03-21,98.16473804570342,32529.45,32627.614738045704,14230,14205,14230,14130,0.0,14205,0,0
2060,2018-03-22,98.16473804570342,32907.3,33005.4647380457,14335,14370,14425,14315,0.0,14370,0,0
2061,2018-03-23,32374.5399643359,0.0,32374.5399643359,14095,13985,14125,13945,-1.0,13985,0,0
2062,2018-03-26,32374.5399643359,0.0,32374.5399643359,13985,14175,14175,13900,0.0,14175,0,0
2063,2018-03-27,32374.5399643359,0.0,32374.5399643359,14275,14180,14280,14140,0.0,14180,0,0
2064,2018-03-28,32374.5399643359,0.0,32374.5399643359,14085,13890,14090,13785,0.0,13890,0,0
2065,2018-03-29,32374.5399643359,0.0,32374.5399643359,13865,13990,13995,13855,0.0,13990,0,0
2066,2018-03-30,32374.5399643359,0.0,32374.5399643359,14060,14055,14070,14005,0.0,14055,0,0
2067,2018-04-02,32374.5399643359,0.0,32374.5399643359,14080,14025,14310,14020,0.0,14025,0,0
2068,2018-04-03,32374.5399643359,0.0,32374.5399643359,13865,14010,14010,13835,0.0,14010,0,0
2069,2018-04-04,32374.5399643359,0.0,32374.5399643359,14040,13800,14040,13750,0.0,13800,0,0
2070,2018-04-05,32374.5399643359,0.0,32374.5399643359,13950,14045,14125,13950,0.0,14045,0,0
2071,2018-04-06,32374.5399643359,0.0,32374.5399643359,14040,13900,14040,13880,0.0,13900,0,0
2072,2018-04-09,32374.5399643359,0.0,32374.5399643359,13900,13815,13900,13710,0.0,13815,0,0
2073,2018-04-10,32374.5399643359,0.0,32374.5399643359,13755,13640,13755,13500,0.0,13640,0,0
2074,2018-04-11,32374.5399643359,0.0,32374.5399643359,13690,13645,13700,13600,0.0,13645,0,0
2075,2018-04-12,32374.5399643359,0.0,32374.5399643359,13715,13925,13925,13715,0.0,13925,0,0
2076,2018-04-13,32374.5399643359,0.0,32374.5399643359,13915,13750,13915,13750,0.0,13750,0,0
2077,2018-04-16,32374.5399643359,0.0,32374.5399643359,13760,13560,13760,13540,0.0,13560,0,0
2078,2018-04-17,32374.5399643359,0.0,32374.5399643359,13580,13595,13675,13575,0.0,13595,0,0
2079,2018-04-18,32374.5399643359,0.0,32374.5399643359,13740,13760,13780,13690,0.0,13760,0,0
2080,2018-04-19,32374.5399643359,0.0,32374.5399643359,13780,13715,13780,13660,0.0,13715,0,0
2081,2018-04-20,32374.5399643359,0.0,32374.5399643359,13715,13670,13765,13655,0.0,13670,0,0
2082,2018-04-23,32374.5399643359,0.0,32374.5399643359,13680,13695,13700,13630,0.0,13695,0,0
2083,2018-04-24,32374.5399643359,0.0,32374.5399643359,13795,13660,13795,13635,0.0,13660,0,0
2084,2018-04-25,32374.5399643359,0.0,32374.5399643359,13600,13240,13600,13180,0.0,13240,0,0
2085,2018-04-26,32374.5399643359,0.0,32374.5399643359,13310,13360,13460,13240,0.0,13360,0,0
2086,2018-04-27,32374.5399643359,0.0,32374.5399643359,13170,13010,13230,13010,0.0,13010,0,0
2087,2018-04-30,32374.5399643359,0.0,32374.5399643359,13050,13270,13270,13050,0.0,13270,0,0
2088,2018-05-02,32374.5399643359,0.0,32374.5399643359,13335,13275,13395,13145,0.0,13275,0,0
2089,2018-05-03,32374.5399643359,0.0,32374.5399643359,13235,13265,13420,13150,0.0,13265,0,0
2090,2018-05-04,32374.5399643359,0.0,32374.5399643359,13205,12955,13225,12920,0.0,12955,0,0
2091,2018-05-08,32374.5399643359,0.0,32374.5399643359,12945,12800,12945,12800,0.0,12800,0,0
2092,2018-05-09,32374.5399643359,0.0,32374.5399643359,12725,12985,13000,12710,0.0,12985,0,0
2093,2018-05-10,32374.5399643359,0.0,32374.5399643359,12960,13050,13050,12960,0.0,13050,0,0
2094,2018-05-11,32374.5399643359,0.0,32374.5399643359,13080,13160,13165,13080,0.0,13160,0,0
2095,2018-05-14,32374.5399643359,0.0,32374.5399643359,13175,13275,13300,13175,0.0,13275,0,0
2096,2018-05-15,32374.5399643359,0.0,32374.5399643359,13245,13160,13255,13110,0.0,13160,0,0
2097,2018-05-16,32374.5399643359,0.0,32374.5399643359,13010,13005,13105,12940,0.0,13005,0,0
2098,2018-05-17,32374.5399643359,0.0,32374.5399643359,12995,13055,13155,12995,0.0,13055,0,0
2099,2018-05-18,32374.5399643359,0.0,32374.5399643359,13040,13205,13205,13040,0.0,13205,0,0
2100,2018-05-21,32374.5399643359,0.0,32374.5399643359,13195,13205,13250,13110,0.0,13205,0,0
2101,2018-05-23,32374.5399643359,0.0,32374.5399643359,13145,13130,13205,13055,0.0,13130,0,0
2102,2018-05-24,32374.5399643359,0.0,32374.5399643359,13130,12975,13165,12940,0.0,12975,0,0
2103,2018-05-25,32374.5399643359,0.0,32374.5399643359,12975,12935,13020,12920,0.0,12935,0,0
2104,2018-05-28,32374.5399643359,0.0,32374.5399643359,13080,13145,13145,13010,0.0,13145,0,0
2105,2018-05-29,32374.5399643359,0.0,32374.5399643359,13080,13010,13080,13010,0.0,13010,0,0
2106,2018-05-30,32374.5399643359,0.0,32374.5399643359,12945,12680,12945,12625,0.0,12680,0,0
2107,2018-05-31,32374.5399643359,0.0,32374.5399643359,12820,12890,12965,12790,0.0,12890,0,0
2108,2018-06-01,32374.5399643359,0.0,32374.5399643359,12880,12805,12890,12785,0.0,12805,0,0
2109,2018-06-04,32374.5399643359,0.0,32374.5399643359,12865,13100,13120,12865,0.0,13100,0,0
2110,2018-06-05,32374.5399643359,0.0,32374.5399643359,13115,13155,13155,13095,0.0,13155,0,0
2111,2018-06-07,32374.5399643359,0.0,32374.5399643359,13205,13230,13285,13180,0.0,13230,0,0
2112,2018-06-08,42.20996433589971,32331.15,32373.3599643359,13230,13305,13350,13230,1.0,13305,0,0
2113,2018-06-11,42.20996433589971,32586.300000000003,32628.509964335903,13310,13410,13445,13180,0.0,13410,0,0
2114,2018-06-12,42.20996433589971,32768.55,32810.7599643359,13470,13485,13515,13390,0.0,13485,0,0
2115,2018-06-14,42.20996433589971,32148.9,32191.1099643359,13440,13230,13440,13200,0.0,13230,0,0
2116,2018-06-15,42.20996433589971,32233.95,32276.1599643359,13310,13265,13310,13190,0.0,13265,0,0
2117,2018-06-18,42.20996433589971,31881.600000000002,31923.809964335902,13265,13120,13310,13045,0.0,13120,0,0
2118,2018-06-19,31679.658445850302,0.0,31679.658445850302,13020,12700,13035,12655,-1.0,12700,0,0
2119,2018-06-20,31679.658445850302,0.0,31679.658445850302,12700,12770,12775,12700,0.0,12770,0,0
2120,2018-06-21,31679.658445850302,0.0,31679.658445850302,12710,12685,12800,12655,0.0,12685,0,0
2121,2018-06-22,31679.658445850302,0.0,31679.658445850302,12570,12620,12620,12445,0.0,12620,0,0
2122,2018-06-25,31679.658445850302,0.0,31679.658445850302,12700,12810,12810,12620,0.0,12810,0,0
2123,2018-06-26,31679.658445850302,0.0,31679.658445850302,12645,12865,12865,12645,0.0,12865,0,0
2124,2018-06-27,31679.658445850302,0.0,31679.658445850302,12715,12515,12715,12515,0.0,12515,0,0
2125,2018-06-28,31679.658445850302,0.0,31679.658445850302,12500,12540,12550,12440,0.0,12540,0,0
2126,2018-06-29,31679.658445850302,0.0,31679.658445850302,12565,12540,12565,12265,0.0,12540,0,0
2127,2018-07-02,31679.658445850302,0.0,31679.658445850302,12525,11945,12525,11945,0.0,11945,0,0
2128,2018-07-03,31679.658445850302,0.0,31679.658445850302,12000,11875,12010,11725,0.0,11875,0,0
2129,2018-07-04,31679.658445850302,0.0,31679.658445850302,11825,11875,11935,11825,0.0,11875,0,0
2130,2018-07-05,31679.658445850302,0.0,31679.658445850302,11960,11915,11965,11870,0.0,11915,0,0
2131,2018-07-06,31679.658445850302,0.0,31679.658445850302,11940,12105,12105,11900,0.0,12105,0,0
2132,2018-07-09,31679.658445850302,0.0,31679.658445850302,12065,12145,12190,11975,0.0,12145,0,0
2133,2018-07-10,31679.658445850302,0.0,31679.658445850302,12120,12190,12235,12120,0.0,12190,0,0
2134,2018-07-11,31679.658445850302,0.0,31679.658445850302,12105,12100,12125,12030,0.0,12100,0,0
2135,2018-07-12,31679.658445850302,0.0,31679.658445850302,12110,12130,12180,12090,0.0,12130,0,0
2136,2018-07-13,31679.658445850302,0.0,31679.658445850302,12245,12335,12335,12230,0.0,12335,0,0
2137,2018-07-16,31679.658445850302,0.0,31679.658445850302,12300,12305,12420,12285,0.0,12305,0,0
2138,2018-07-17,31679.658445850302,0.0,31679.658445850302,12285,12095,12285,12055,0.0,12095,0,0
2139,2018-07-18,31679.658445850302,0.0,31679.658445850302,12200,12100,12240,12100,0.0,12100,0,0
2140,2018-07-19,31679.658445850302,0.0,31679.658445850302,12205,12240,12295,12205,0.0,12240,0,0
2141,2018-07-20,31679.658445850302,0.0,31679.658445850302,12205,12150,12215,12105,0.0,12150,0,0
2142,2018-07-23,31679.658445850302,0.0,31679.658445850302,12215,12100,12225,12100,0.0,12100,0,0
2143,2018-07-24,31679.658445850302,0.0,31679.658445850302,12125,12095,12130,12015,0.0,12095,0,0
2144,2018-07-25,31679.658445850302,0.0,31679.658445850302,12360,12375,12400,12265,0.0,12375,0,0
2145,2018-07-26,92.85844585030281,31585.65,31678.508445850304,12435,12685,12685,12435,1.0,12685,0,0
2146,2018-07-27,92.85844585030281,31623.000000000004,31715.858445850306,12750,12700,12790,12590,0.0,12700,0,0
2147,2018-07-30,92.85844585030281,31872.000000000004,31964.858445850306,12705,12800,12840,12670,0.0,12800,0,0
2148,2018-07-31,92.85844585030281,31847.100000000002,31939.958445850305,12800,12790,12840,12700,0.0,12790,0,0
2149,2018-08-01,92.85844585030281,31498.500000000004,31591.358445850306,12790,12650,12815,12575,0.0,12650,0,0
2150,2018-08-02,92.85844585030281,31025.4,31118.258445850304,12660,12460,12670,12430,0.0,12460,0,0
2151,2018-08-03,92.85844585030281,31623.000000000004,31715.858445850306,12470,12700,12700,12470,0.0,12700,0,0
2152,2018-08-06,92.85844585030281,31324.200000000004,31417.058445850307,12700,12580,12700,12530,0.0,12580,0,0
2153,2018-08-07,92.85844585030281,31573.200000000004,31666.058445850307,12540,12680,12680,12500,0.0,12680,0,0
2154,2018-08-08,92.85844585030281,31336.65,31429.508445850304,12670,12585,12680,12560,0.0,12585,0,0
2155,2018-08-09,92.85844585030281,31585.65,31678.508445850304,12585,12685,12685,12550,0.0,12685,0,0
2156,2018-08-10,92.85844585030281,31436.250000000004,31529.108445850306,12685,12625,12720,12585,0.0,12625,0,0
2157,2018-08-13,92.85844585030281,31137.450000000004,31230.308445850307,12620,12505,12620,12465,0.0,12505,0,0
2158,2018-08-14,92.85844585030281,31585.65,31678.508445850304,12510,12685,12685,12505,0.0,12685,0,0
2159,2018-08-16,92.85844585030281,31473.600000000002,31566.458445850305,12535,12640,12640,12450,0.0,12640,0,0
2160,2018-08-17,92.85844585030281,31535.850000000002,31628.708445850305,12695,12665,12695,12620,0.0,12665,0,0
2161,2018-08-20,92.85844585030281,31635.450000000004,31728.308445850307,12725,12705,12805,12665,0.0,12705,0,0
2162,2018-08-21,92.85844585030281,31473.600000000002,31566.458445850305,12665,12640,12665,12555,0.0,12640,0,0
2163,2018-08-22,92.85844585030281,30763.950000000004,30856.808445850307,12645,12355,12645,12305,0.0,12355,0,0
2164,2018-08-23,31005.083323563704,0.0,31005.083323563704,12415,12315,12415,12195,-1.0,12315,0,0
2165,2018-08-24,31005.083323563704,0.0,31005.083323563704,12325,12490,12490,12315,0.0,12490,0,0
2166,2018-08-27,31005.083323563704,0.0,31005.083323563704,12525,12590,12590,12430,0.0,12590,0,0
2167,2018-08-28,31005.083323563704,0.0,31005.083323563704,12615,12560,12650,12540,0.0,12560,0,0
2168,2018-08-29,23.703323563702725,30980.250000000004,31003.953323563706,12590,12645,12660,12560,1.0,12645,0,0
2169,2018-08-30,31002.825766384703,0.0,31002.825766384703,12645,12445,12645,12445,-1.0,12445,0,0
2170,2018-08-31,31002.825766384703,0.0,31002.825766384703,12425,12515,12515,12350,0.0,12515,0,0
2171,2018-09-03,31002.825766384703,0.0,31002.825766384703,12495,12520,12545,12450,0.0,12520,0,0
2172,2018-09-04,31002.825766384703,0.0,31002.825766384703,12520,12500,12520,12400,0.0,12500,0,0
2173,2018-09-05,31002.825766384703,0.0,31002.825766384703,12495,12335,12495,12305,0.0,12335,0,0
2174,2018-09-06,31002.825766384703,0.0,31002.825766384703,12345,12250,12345,12240,0.0,12250,0,0
2175,2018-09-07,31002.825766384703,0.0,31002.825766384703,12295,12240,12295,12180,0.0,12240,0,0
2176,2018-09-10,31002.825766384703,0.0,31002.825766384703,12220,12320,12385,12220,0.0,12320,0,0
2177,2018-09-11,31002.825766384703,0.0,31002.825766384703,12360,12325,12375,12230,0.0,12325,0,0
2178,2018-09-12,31002.825766384703,0.0,31002.825766384703,12340,12315,12365,12260,0.0,12315,0,0
2179,2018-09-13,31002.825766384703,0.0,31002.825766384703,12405,12345,12420,12325,0.0,12345,0,0
2180,2018-09-14,31002.825766384703,0.0,31002.825766384703,12345,12445,12475,12345,0.0,12445,0,0
2181,2018-09-17,31002.825766384703,0.0,31002.825766384703,12455,12320,12455,12315,0.0,12320,0,0
2182,2018-09-18,31002.825766384703,0.0,31002.825766384703,12295,12450,12450,12270,0.0,12450,0,0
2183,2018-09-19,31002.825766384703,0.0,31002.825766384703,12455,12325,12455,12325,0.0,12325,0,0
2184,2018-09-20,31002.825766384703,0.0,31002.825766384703,12325,12245,12325,12170,0.0,12245,0,0
2185,2018-09-21,31002.825766384703,0.0,31002.825766384703,12355,12330,12355,12235,0.0,12330,0,0
2186,2018-09-27,31002.825766384703,0.0,31002.825766384703,12265,12515,12560,12250,0.0,12515,0,0
2187,2018-09-28,119.45576638470448,30882.250000000004,31001.705766384708,12550,12605,12670,12505,1.0,12605,0,0
2188,2018-10-01,119.45576638470448,31004.750000000004,31124.205766384708,12635,12655,12750,12635,0.0,12655,0,0
2189,2018-10-02,119.45576638470448,30784.250000000004,30903.705766384708,12615,12565,12720,12535,0.0,12565,0,0
2190,2018-10-04,119.45576638470448,29853.250000000004,29972.705766384708,12565,12185,12565,12140,0.0,12185,0,0
2191,2018-10-05,29947.120119199706,0.0,29947.120119199706,12175,12200,12225,12060,-1.0,12200,0,0
2192,2018-10-08,29947.120119199706,0.0,29947.120119199706,12170,12035,12170,12035,0.0,12035,0,0
2193,2018-10-10,29947.120119199706,0.0,29947.120119199706,12035,11920,12035,11840,0.0,11920,0,0
2194,2018-10-11,29947.120119199706,0.0,29947.120119199706,11595,11450,11700,11360,0.0,11450,0,0
2195,2018-10-12,29947.120119199706,0.0,29947.120119199706,11410,11635,11685,11410,0.0,11635,0,0
2196,2018-10-15,29947.120119199706,0.0,29947.120119199706,11635,11680,11750,11515,0.0,11680,0,0
2197,2018-10-16,29947.120119199706,0.0,29947.120119199706,11770,11640,11770,11610,0.0,11640,0,0
2198,2018-10-17,29947.120119199706,0.0,29947.120119199706,11700,11870,11940,11700,0.0,11870,0,0
2199,2018-10-18,29947.120119199706,0.0,29947.120119199706,11870,11760,11870,11700,0.0,11760,0,0
2200,2018-10-19,29947.120119199706,0.0,29947.120119199706,11645,11690,11695,11365,0.0,11690,0,0
2201,2018-10-22,29947.120119199706,0.0,29947.120119199706,11505,11835,11835,11505,0.0,11835,0,0
2202,2018-10-23,29947.120119199706,0.0,29947.120119199706,11730,11465,11730,11400,0.0,11465,0,0
2203,2018-10-24,29947.120119199706,0.0,29947.120119199706,11625,11520,11655,11490,0.0,11520,0,0
2204,2018-10-25,29947.120119199706,0.0,29947.120119199706,11355,11695,11695,11350,0.0,11695,0,0
2205,2018-10-26,29947.120119199706,0.0,29947.120119199706,11695,11220,11695,11150,0.0,11220,0,0
2206,2018-10-29,29947.120119199706,0.0,29947.120119199706,11355,11080,11540,11070,0.0,11080,0,0
2207,2018-10-30,29947.120119199706,0.0,29947.120119199706,11080,11185,11300,11030,0.0,11185,0,0
2208,2018-10-31,29947.120119199706,0.0,29947.120119199706,11200,11525,11525,11105,0.0,11525,0,0
2209,2018-11-01,29947.120119199706,0.0,29947.120119199706,11525,11270,11540,11270,0.0,11270,0,0
2210,2018-11-02,29947.120119199706,0.0,29947.120119199706,11380,11755,11755,11380,0.0,11755,0,0
2211,2018-11-05,29947.120119199706,0.0,29947.120119199706,11630,11660,11660,11500,0.0,11660,0,0
2212,2018-11-06,29947.120119199706,0.0,29947.120119199706,11695,11585,11695,11520,0.0,11585,0,0
2213,2018-11-07,29947.120119199706,0.0,29947.120119199706,11585,11450,11610,11395,0.0,11450,0,0
2214,2018-11-08,29947.120119199706,0.0,29947.120119199706,11560,11505,11645,11485,0.0,11505,0,0
2215,2018-11-09,29947.120119199706,0.0,29947.120119199706,11505,11375,11510,11315,0.0,11375,0,0
2216,2018-11-12,29947.120119199706,0.0,29947.120119199706,11330,11375,11445,11245,0.0,11375,0,0
2217,2018-11-13,29947.120119199706,0.0,29947.120119199706,11245,11370,11370,11025,0.0,11370,0,0
2218,2018-11-14,29947.120119199706,0.0,29947.120119199706,11360,11270,11360,11180,0.0,11270,0,0
2219,2018-11-15,29947.120119199706,0.0,29947.120119199706,11245,11390,11390,11200,0.0,11390,0,0
2220,2018-11-16,29947.120119199706,0.0,29947.120119199706,11405,11390,11420,11345,0.0,11390,0,0
2221,2018-11-19,29947.120119199706,0.0,29947.120119199706,11490,11505,11600,11440,0.0,11505,0,0
2222,2018-11-20,29947.120119199706,0.0,29947.120119199706,11495,11440,11510,11345,0.0,11440,0,0
2223,2018-11-21,29947.120119199706,0.0,29947.120119199706,11315,11470,11470,11315,0.0,11470,0,0
2224,2018-11-22,29947.120119199706,0.0,29947.120119199706,11505,11430,11505,11400,0.0,11430,0,0
2225,2018-11-23,29947.120119199706,0.0,29947.120119199706,11510,11265,11525,11235,0.0,11265,0,0
2226,2018-11-26,29947.120119199706,0.0,29947.120119199706,11255,11290,11290,11135,0.0,11290,0,0
2227,2018-11-27,29947.120119199706,0.0,29947.120119199706,11350,11390,11390,11210,0.0,11390,0,0
2228,2018-11-28,29947.120119199706,0.0,29947.120119199706,11420,11340,11420,11255,0.0,11340,0,0
2229,2018-11-29,29947.120119199706,0.0,29947.120119199706,11475,11380,11475,11355,0.0,11380,0,0
2230,2018-11-30,29947.120119199706,0.0,29947.120119199706,11425,11455,11490,11415,0.0,11455,0,0
2231,2018-12-03,21.03011919970595,29925.0,29946.030119199706,11655,11875,11875,11655,1.0,11875,0,0
2232,2018-12-04,21.03011919970595,29458.8,29479.830119199705,11875,11690,11875,11620,0.0,11690,0,0
2233,2018-12-05,21.03011919970595,29156.4,29177.430119199707,11515,11570,11640,11450,0.0,11570,0,0
2234,2018-12-06,21.03011919970595,28702.8,28723.830119199705,11550,11390,11570,11345,0.0,11390,0,0
2235,2018-12-07,21.03011919970595,28539.0,28560.030119199706,11445,11325,11445,11255,0.0,11325,0,0
2236,2018-12-10,28319.600126958103,0.0,28319.600126958103,11230,11065,11230,10990,-1.0,11065,0,0
2237,2018-12-11,28319.600126958103,0.0,28319.600126958103,11060,11095,11110,11020,0.0,11095,0,0
2238,2018-12-12,28319.600126958103,0.0,28319.600126958103,11165,11205,11240,11150,0.0,11205,0,0
2239,2018-12-13,28319.600126958103,0.0,28319.600126958103,11280,11290,11350,11250,0.0,11290,0,0
2240,2018-12-14,28319.600126958103,0.0,28319.600126958103,11375,11265,11480,11195,0.0,11265,0,0
2241,2018-12-17,28319.600126958103,0.0,28319.600126958103,11325,11285,11405,11285,0.0,11285,0,0
2242,2018-12-18,28319.600126958103,0.0,28319.600126958103,11180,11035,11180,11005,0.0,11035,0,0
2243,2018-12-19,28319.600126958103,0.0,28319.600126958103,11040,11210,11240,11000,0.0,11210,0,0
2244,2018-12-20,28319.600126958103,0.0,28319.600126958103,11210,11140,11210,11035,0.0,11140,0,0
2245,2018-12-21,28319.600126958103,0.0,28319.600126958103,11130,11290,11300,11130,0.0,11290,0,0
2246,2018-12-24,28319.600126958103,0.0,28319.600126958103,11290,11300,11320,11240,0.0,11300,0,0
2247,2018-12-26,28319.600126958103,0.0,28319.600126958103,11120,11220,11230,11110,0.0,11220,0,0
2248,2018-12-27,28319.600126958103,0.0,28319.600126958103,11515,11350,11515,11290,0.0,11350,0,0
2249,2018-12-28,28319.600126958103,0.0,28319.600126958103,11350,11360,11360,11315,0.0,11360,0,0
2250,2019-01-02,28319.600126958103,0.0,28319.600126958103,11400,10985,11400,10945,0.0,10985,0,0
2251,2019-01-03,28319.600126958103,0.0,28319.600126958103,11020,10705,11020,10700,0.0,10705,0,0
2252,2019-01-04,28319.600126958103,0.0,28319.600126958103,10670,10705,10705,10590,0.0,10705,0,0
2253,2019-01-07,28319.600126958103,0.0,28319.600126958103,10855,11085,11215,10855,0.0,11085,0,0
2254,2019-01-08,28319.600126958103,0.0,28319.600126958103,11165,11085,11170,11085,0.0,11085,0,0
2255,2019-01-09,28319.600126958103,0.0,28319.600126958103,11110,11270,11315,11110,0.0,11270,0,0
2256,2019-01-10,28319.600126958103,0.0,28319.600126958103,11350,11275,11350,11210,0.0,11275,0,0
2257,2019-01-11,32.17012695810263,28286.4,28318.570126958104,11275,11360,11380,11255,1.0,11360,0,0
2258,2019-01-14,32.17012695810263,28062.300000000003,28094.470126958106,11355,11270,11405,11250,0.0,11270,0,0
2259,2019-01-15,32.17012695810263,28348.65,28380.820126958104,11290,11385,11420,11290,0.0,11385,0,0
2260,2019-01-16,32.17012695810263,28522.95,28555.120126958103,11385,11455,11455,11385,0.0,11455,0,0
2261,2019-01-17,32.17012695810263,28647.45,28679.620126958103,11500,11505,11620,11500,0.0,11505,0,0
2262,2019-01-18,32.17012695810263,28933.800000000003,28965.970126958106,11625,11620,11645,11550,0.0,11620,0,0
2263,2019-01-21,32.17012695810263,29220.15,29252.320126958104,11700,11735,11790,11685,0.0,11735,0,0
2264,2019-01-22,32.17012695810263,29083.2,29115.370126958103,11735,11680,11765,11645,0.0,11680,0,0
2265,2019-01-23,32.17012695810263,29133.000000000004,29165.170126958106,11640,11700,11705,11565,0.0,11700,0,0
2266,2019-01-24,32.17012695810263,28983.600000000002,29015.770126958105,11610,11640,11670,11570,0.0,11640,0,0
2267,2019-01-25,32.17012695810263,29494.050000000003,29526.220126958106,11580,11845,11885,11580,0.0,11845,0,0
2268,2019-01-28,32.17012695810263,29518.95,29551.120126958103,11855,11855,11920,11840,0.0,11855,0,0
2269,2019-01-29,32.17012695810263,29792.850000000002,29825.020126958105,11850,11965,11995,11800,0.0,11965,0,0
2270,2019-01-30,32.17012695810263,30066.750000000004,30098.920126958106,12015,12075,12120,11910,0.0,12075,0,0
2271,2019-01-31,32.17012695810263,30041.850000000002,30074.020126958105,12225,12065,12240,11990,0.0,12065,0,0
2272,2019-02-01,32.17012695810263,29979.600000000002,30011.770126958105,12030,12040,12125,12025,0.0,12040,0,0
2273,2019-02-07,32.17012695810263,30041.850000000002,30074.020126958105,12010,12065,12115,11995,0.0,12065,0,0
2274,2019-02-08,32.17012695810263,29618.550000000003,29650.720126958106,12015,11895,12065,11840,0.0,11895,0,0
2275,2019-02-11,32.17012695810263,29631.000000000004,29663.170126958106,11925,11900,11945,11805,0.0,11900,0,0
2276,2019-02-12,32.17012695810263,29593.65,29625.820126958104,11875,11885,11900,11790,0.0,11885,0,0
2277,2019-02-13,32.17012695810263,29992.050000000003,30024.220126958106,11900,12045,12080,11900,0.0,12045,0,0
2278,2019-02-14,32.17012695810263,30141.450000000004,30173.620126958107,12005,12105,12105,11950,0.0,12105,0,0
2279,2019-02-15,32.17012695810263,30004.500000000004,30036.670126958106,12095,12050,12100,12005,0.0,12050,0,0
2280,2019-02-18,32.17012695810263,30801.300000000003,30833.470126958106,12115,12370,12425,12115,0.0,12370,0,0
2281,2019-02-19,32.17012695810263,30776.4,30808.570126958104,12380,12360,12430,12265,0.0,12360,0,0
2282,2019-02-20,32.17012695810263,31237.050000000003,31269.220126958106,12380,12545,12565,12375,0.0,12545,0,0
2283,2019-02-21,32.17012695810263,30925.800000000003,30957.970126958106,12495,12420,12500,12400,0.0,12420,0,0
2284,2019-02-22,32.17012695810263,30577.200000000004,30609.370126958107,12395,12280,12395,12220,0.0,12280,0,0
2285,2019-02-25,32.17012695810263,30751.500000000004,30783.670126958106,12360,12350,12455,12310,0.0,12350,0,0
2286,2019-02-26,32.17012695810263,30552.300000000003,30584.470126958106,12335,12270,12335,12245,0.0,12270,0,0
2287,2019-02-27,32.17012695810263,31025.4,31057.570126958104,12305,12460,12470,12305,0.0,12460,0,0
2288,2019-02-28,32.17012695810263,30776.4,30808.570126958104,12480,12360,12495,12345,0.0,12360,0,0
2289,2019-03-04,32.17012695810263,30502.500000000004,30534.670126958106,12360,12250,12475,12250,0.0,12250,0,0
2290,2019-03-05,32.17012695810263,30203.700000000004,30235.870126958107,12240,12130,12240,12110,0.0,12130,0,0
2291,2019-03-06,32.17012695810263,30278.4,30310.570126958104,12110,12160,12225,12110,0.0,12160,0,0
2292,2019-03-07,30321.917661181502,0.0,30321.917661181502,12165,11945,12165,11915,-1.0,11945,0,0
2293,2019-03-08,30321.917661181502,0.0,30321.917661181502,11895,11865,11970,11820,0.0,11865,0,0
2294,2019-03-11,30321.917661181502,0.0,30321.917661181502,11870,11730,11870,11645,0.0,11730,0,0
2295,2019-03-12,30321.917661181502,0.0,30321.917661181502,11820,11885,11910,11820,0.0,11885,0,0
2296,2019-03-13,30321.917661181502,0.0,30321.917661181502,11830,11815,11830,11725,0.0,11815,0,0
2297,2019-03-14,30321.917661181502,0.0,30321.917661181502,11895,11980,11980,11895,0.0,11980,0,0
2298,2019-03-15,30321.917661181502,0.0,30321.917661181502,11920,12090,12130,11920,0.0,12090,0,0
2299,2019-03-18,30321.917661181502,0.0,30321.917661181502,12160,12050,12200,12030,0.0,12050,0,0
2300,2019-03-19,30321.917661181502,0.0,30321.917661181502,12080,12075,12115,12035,0.0,12075,0,0
2301,2019-03-20,30321.917661181502,0.0,30321.917661181502,12065,11950,12065,11840,0.0,11950,0,0
2302,2019-03-21,30321.917661181502,0.0,30321.917661181502,12030,12070,12145,12000,0.0,12070,0,0
2303,2019-03-22,30321.917661181502,0.0,30321.917661181502,12055,11950,12055,11920,0.0,11950,0,0
2304,2019-03-25,30321.917661181502,0.0,30321.917661181502,11755,11715,11795,11670,0.0,11715,0,0
2305,2019-03-26,30321.917661181502,0.0,30321.917661181502,11745,11655,11745,11620,0.0,11655,0,0
2306,2019-03-27,30321.917661181502,0.0,30321.917661181502,11655,11640,11655,11580,0.0,11640,0,0
2307,2019-03-28,30321.917661181502,0.0,30321.917661181502,11585,11550,11585,11450,0.0,11550,0,0
2308,2019-03-29,30321.917661181502,0.0,30321.917661181502,11520,11570,11570,11380,0.0,11570,0,0
2309,2019-04-01,30321.917661181502,0.0,30321.917661181502,11640,11755,11800,11640,0.0,11755,0,0
2310,2019-04-02,30321.917661181502,0.0,30321.917661181502,11810,11760,11835,11735,0.0,11760,0,0
2311,2019-04-03,30321.917661181502,0.0,30321.917661181502,11705,11920,11920,11705,0.0,11920,0,0
2312,2019-04-04,30321.917661181502,0.0,30321.917661181502,11940,11930,12025,11930,0.0,11930,0,0
2313,2019-04-05,30321.917661181502,0.0,30321.917661181502,11960,11995,12045,11905,0.0,11995,0,0
2314,2019-04-08,106.01766118150044,30214.8,30320.8176611815,11995,11990,12085,11985,1.0,11990,0,0
2315,2019-04-09,106.01766118150044,30403.8,30509.8176611815,12100,12065,12100,12000,0.0,12065,0,0
2316,2019-04-10,106.01766118150044,30328.2,30434.2176611815,12040,12035,12040,11920,0.0,12035,0,0
2317,2019-04-11,106.01766118150044,30290.4,30396.417661181502,12050,12020,12080,11995,0.0,12020,0,0
2318,2019-04-12,106.01766118150044,30265.2,30371.2176611815,11970,12010,12050,11900,0.0,12010,0,0
2319,2019-04-15,106.01766118150044,30403.8,30509.8176611815,12110,12065,12125,12055,0.0,12065,0,0
2320,2019-04-16,106.01766118150044,30240.0,30346.0176611815,12005,12000,12065,11950,0.0,12000,0,0
2321,2019-04-17,106.01766118150044,30164.4,30270.417661181502,12000,11970,12000,11930,0.0,11970,0,0
2322,2019-04-18,106.01766118150044,29761.2,29867.2176611815,11920,11810,11940,11790,0.0,11810,0,0
2323,2019-04-19,29916.5326381879,0.0,29916.5326381879,11830,11820,11835,11780,-1.0,11820,0,0
2324,2019-04-22,29916.5326381879,0.0,29916.5326381879,11820,11810,11870,11745,0.0,11810,0,0
2325,2019-04-23,29916.5326381879,0.0,29916.5326381879,11830,11810,11910,11760,0.0,11810,0,0
2326,2019-04-24,29916.5326381879,0.0,29916.5326381879,11820,11705,11855,11645,0.0,11705,0,0
2327,2019-04-25,29916.5326381879,0.0,29916.5326381879,11620,11625,11670,11595,0.0,11625,0,0
2328,2019-04-26,29916.5326381879,0.0,29916.5326381879,11570,11440,11570,11410,0.0,11440,0,0
2329,2019-04-29,29916.5326381879,0.0,29916.5326381879,11200,11325,11325,11160,0.0,11325,0,0
2330,2019-04-30,29916.5326381879,0.0,29916.5326381879,11365,11230,11370,11140,0.0,11230,0,0
2331,2019-05-02,29916.5326381879,0.0,29916.5326381879,11180,11265,11355,11175,0.0,11265,0,0
2332,2019-05-03,29916.5326381879,0.0,29916.5326381879,11270,11240,11290,11215,0.0,11240,0,0
2333,2019-05-07,29916.5326381879,0.0,29916.5326381879,11090,11075,11115,11040,0.0,11075,0,0
2334,2019-05-08,29916.5326381879,0.0,29916.5326381879,10965,11060,11095,10960,0.0,11060,0,0
2335,2019-05-09,29916.5326381879,0.0,29916.5326381879,11070,10725,11070,10725,0.0,10725,0,0
2336,2019-05-10,29916.5326381879,0.0,29916.5326381879,10745,10775,10855,10655,0.0,10775,0,0
2337,2019-05-13,29916.5326381879,0.0,29916.5326381879,10685,10485,10685,10485,0.0,10485,0,0
2338,2019-05-14,29916.5326381879,0.0,29916.5326381879,10440,10510,10530,10395,0.0,10510,0,0
2339,2019-05-15,29916.5326381879,0.0,29916.5326381879,10510,10760,10780,10510,0.0,10760,0,0
2340,2019-05-16,29916.5326381879,0.0,29916.5326381879,10780,10640,10790,10620,0.0,10640,0,0
2341,2019-05-17,29916.5326381879,0.0,29916.5326381879,10710,10610,10775,10610,0.0,10610,0,0
2342,2019-05-20,29916.5326381879,0.0,29916.5326381879,10630,10470,10690,10460,0.0,10470,0,0
2343,2019-05-21,29916.5326381879,0.0,29916.5326381879,10430,10550,10620,10430,0.0,10550,0,0
2344,2019-05-22,29916.5326381879,0.0,29916.5326381879,10610,10585,10610,10525,0.0,10585,0,0
2345,2019-05-23,29916.5326381879,0.0,29916.5326381879,10575,10515,10575,10460,0.0,10515,0,0
2346,2019-05-24,29916.5326381879,0.0,29916.5326381879,10405,10390,10405,10320,0.0,10390,0,0
2347,2019-05-27,29916.5326381879,0.0,29916.5326381879,10375,10395,10395,10320,0.0,10395,0,0
2348,2019-05-28,29916.5326381879,0.0,29916.5326381879,10375,10380,10470,10340,0.0,10380,0,0
2349,2019-05-29,29916.5326381879,0.0,29916.5326381879,10395,10280,10395,10260,0.0,10280,0,0
2350,2019-05-30,29916.5326381879,0.0,29916.5326381879,10350,10360,10380,10310,0.0,10360,0,0
2351,2019-05-31,29916.5326381879,0.0,29916.5326381879,10350,10485,10510,10305,0.0,10485,0,0
2352,2019-06-03,29916.5326381879,0.0,29916.5326381879,10365,10500,10500,10345,0.0,10500,0,0
2353,2019-06-04,29916.5326381879,0.0,29916.5326381879,10540,10550,10560,10505,0.0,10550,0,0
2354,2019-06-05,29916.5326381879,0.0,29916.5326381879,10640,10510,10650,10495,0.0,10510,0,0
2355,2019-06-07,29916.5326381879,0.0,29916.5326381879,10520,10430,10520,10405,0.0,10430,0,0
2356,2019-06-10,29916.5326381879,0.0,29916.5326381879,10510,10540,10545,10450,0.0,10540,0,0
2357,2019-06-11,29916.5326381879,0.0,29916.5326381879,10600,10620,10640,10525,0.0,10620,0,0
2358,2019-06-12,29916.5326381879,0.0,29916.5326381879,10635,10550,10635,10545,0.0,10550,0,0
2359,2019-06-13,76.39263818789914,29839.05,29915.4426381879,10605,10695,10695,10530,1.0,10695,0,0
2360,2019-06-14,76.39263818789914,29490.3,29566.6926381879,10720,10570,10720,10515,0.0,10570,0,0
2361,2019-06-17,29593.518293780697,0.0,29593.518293780697,10580,10520,10600,10520,-1.0,10520,0,0
2362,2019-06-18,29593.518293780697,0.0,29593.518293780697,10535,10490,10535,10480,0.0,10490,0,0
2363,2019-06-19,29593.518293780697,0.0,29593.518293780697,10640,10590,10660,10590,0.0,10590,0,0
2364,2019-06-20,19.03829378069713,29573.399999999998,29592.438293780695,10635,10715,10715,10620,1.0,10715,0,0
2365,2019-06-21,19.03829378069713,29352.6,29371.638293780696,10700,10635,10700,10620,0.0,10635,0,0
2366,2019-06-24,19.03829378069713,29338.8,29357.838293780696,10675,10630,10680,10595,0.0,10630,0,0
2367,2019-06-25,19.03829378069713,29393.999999999996,29413.038293780693,10680,10650,10735,10650,0.0,10650,0,0
2368,2019-06-26,19.03829378069713,29269.8,29288.838293780696,10645,10605,10645,10555,0.0,10605,0,0
2369,2019-06-27,19.03829378069713,29435.399999999998,29454.438293780695,10620,10665,10710,10580,0.0,10665,0,0
2370,2019-06-28,19.03829378069713,29518.199999999997,29537.238293780694,10665,10695,10705,10640,0.0,10695,0,0
2371,2019-07-01,19.03829378069713,29863.199999999997,29882.238293780694,10820,10820,10845,10760,0.0,10820,0,0
2372,2019-07-02,19.03829378069713,29987.399999999998,30006.438293780695,10820,10865,10870,10785,0.0,10865,0,0
2373,2019-07-03,19.03829378069713,30125.399999999998,30144.438293780695,10900,10915,11055,10870,0.0,10915,0,0
2374,2019-07-04,19.03829378069713,30732.6,30751.638293780696,10995,11135,11140,10980,0.0,11135,0,0
2375,2019-07-05,19.03829378069713,30553.199999999997,30572.238293780694,11150,11070,11150,10990,0.0,11070,0,0
2376,2019-07-08,19.03829378069713,29918.399999999998,29937.438293780695,11065,10840,11065,10825,0.0,10840,0,0
2377,2019-07-09,19.03829378069713,29380.199999999997,29399.238293780694,10840,10645,10855,10630,0.0,10645,0,0
2378,2019-07-10,19.03829378069713,29311.199999999997,29330.238293780694,10665,10620,10710,10605,0.0,10620,0,0
2379,2019-07-11,19.03829378069713,29738.999999999996,29758.038293780693,10805,10775,10830,10745,0.0,10775,0,0
2380,2019-07-12,19.03829378069713,29904.6,29923.638293780696,10820,10835,10905,10775,0.0,10835,0,0
2381,2019-07-15,19.03829378069713,30332.399999999998,30351.438293780695,10870,10990,11000,10840,0.0,10990,0,0
2382,2019-07-16,19.03829378069713,30373.8,30392.838293780696,10990,11005,11055,10935,0.0,11005,0,0
2383,2019-07-17,19.03829378069713,30346.199999999997,30365.238293780694,11020,10995,11030,10950,0.0,10995,0,0
2384,2019-07-18,19.03829378069713,30139.199999999997,30158.238293780694,10995,10920,11045,10875,0.0,10920,0,0
2385,2019-07-19,19.03829378069713,30346.199999999997,30365.238293780694,10955,10995,11035,10880,0.0,10995,0,0
2386,2019-07-22,19.03829378069713,30456.6,30475.638293780696,11010,11035,11060,10960,0.0,11035,0,0
2387,2019-07-23,19.03829378069713,30746.399999999998,30765.438293780695,11020,11140,11140,11020,0.0,11140,0,0
2388,2019-07-24,19.03829378069713,30415.199999999997,30434.238293780694,11095,11020,11120,10970,0.0,11020,0,0
2389,2019-07-25,19.03829378069713,29614.8,29633.838293780696,10930,10730,10930,10700,0.0,10730,0,0
2390,2019-07-26,29453.366962962293,0.0,29453.366962962293,10665,10615,10695,10505,-1.0,10615,0,0
2391,2019-07-29,29453.366962962293,0.0,29453.366962962293,10615,10425,10615,10320,0.0,10425,0,0
2392,2019-07-30,29453.366962962293,0.0,29453.366962962293,10395,10495,10500,10355,0.0,10495,0,0
2393,2019-07-31,29453.366962962293,0.0,29453.366962962293,10470,10525,10540,10375,0.0,10525,0,0
2394,2019-08-01,29453.366962962293,0.0,29453.366962962293,10495,10475,10565,10410,0.0,10475,0,0
2395,2019-08-02,29453.366962962293,0.0,29453.366962962293,10280,10360,10385,10270,0.0,10360,0,0
2396,2019-08-05,29453.366962962293,0.0,29453.366962962293,10325,10045,10360,10045,0.0,10045,0,0
2397,2019-08-06,29453.366962962293,0.0,29453.366962962293,9740,9910,10105,9620,0.0,9910,0,0
2398,2019-08-07,29453.366962962293,0.0,29453.366962962293,9900,9975,10040,9875,0.0,9975,0,0
2399,2019-08-08,29453.366962962293,0.0,29453.366962962293,10060,10020,10065,9900,0.0,10020,0,0
2400,2019-08-09,29453.366962962293,0.0,29453.366962962293,10085,9975,10085,9975,0.0,9975,0,0
2401,2019-08-12,29453.366962962293,0.0,29453.366962962293,9945,9925,9980,9900,0.0,9925,0,0
2402,2019-08-13,29453.366962962293,0.0,29453.366962962293,9870,9720,9870,9720,0.0,9720,0,0
2403,2019-08-14,29453.366962962293,0.0,29453.366962962293,9840,9980,9985,9835,0.0,9980,0,0
2404,2019-08-16,29453.366962962293,0.0,29453.366962962293,9885,9895,9910,9770,0.0,9895,0,0
2405,2019-08-19,29453.366962962293,0.0,29453.366962962293,9900,10010,10010,9860,0.0,10010,0,0
2406,2019-08-20,29453.366962962293,0.0,29453.366962962293,10015,10095,10140,9990,0.0,10095,0,0
2407,2019-08-21,29453.366962962293,0.0,29453.366962962293,10135,10210,10220,10135,0.0,10210,0,0
2408,2019-08-22,29453.366962962293,0.0,29453.366962962293,10225,10120,10275,10115,0.0,10120,0,0
2409,2019-08-23,29453.366962962293,0.0,29453.366962962293,10090,10165,10190,10010,0.0,10165,0,0
2410,2019-08-26,29453.366962962293,0.0,29453.366962962293,9980,9935,10000,9920,0.0,9935,0,0
2411,2019-08-27,29453.366962962293,0.0,29453.366962962293,9960,9895,10065,9880,0.0,9895,0,0
2412,2019-08-28,29453.366962962293,0.0,29453.366962962293,9930,9960,9960,9890,0.0,9960,0,0
2413,2019-08-29,29453.366962962293,0.0,29453.366962962293,10000,9940,10040,9900,0.0,9940,0,0
2414,2019-08-30,29453.366962962293,0.0,29453.366962962293,10040,10230,10235,10040,0.0,10230,0,0
2415,2019-09-02,29453.366962962293,0.0,29453.366962962293,10120,10145,10155,10050,0.0,10145,0,0
2416,2019-09-03,29453.366962962293,0.0,29453.366962962293,10125,10125,10170,10070,0.0,10125,0,0
2417,2019-09-04,29453.366962962293,0.0,29453.366962962293,10080,10115,10120,10035,0.0,10115,0,0
2418,2019-09-05,65.79696296229304,29386.5,29452.296962962293,10165,10275,10325,10160,1.0,10275,0,0
2419,2019-09-06,65.79696296229304,29343.6,29409.39696296229,10290,10260,10305,10210,0.0,10260,0,0
2420,2019-09-09,65.79696296229304,29400.8,29466.596962962292,10280,10280,10365,10260,0.0,10280,0,0
2421,2019-09-10,65.79696296229304,29572.399999999998,29638.19696296229,10265,10340,10370,10265,0.0,10340,0,0
2422,2019-09-11,65.79696296229304,29858.399999999998,29924.19696296229,10375,10440,10485,10355,0.0,10440,0,0
2423,2019-09-16,65.79696296229304,30173.0,30238.796962962293,10610,10550,10640,10470,0.0,10550,0,0
2424,2019-09-17,65.79696296229304,30258.8,30324.596962962292,10595,10580,10610,10510,0.0,10580,0,0
2425,2019-09-18,65.79696296229304,30058.6,30124.39696296229,10585,10510,10585,10465,0.0,10510,0,0
2426,2019-09-19,65.79696296229304,29987.1,30052.89696296229,10490,10485,10510,10445,0.0,10485,0,0
2427,2019-09-20,65.79696296229304,30187.3,30253.096962962292,10475,10555,10555,10475,0.0,10555,0,0
2428,2019-09-23,65.79696296229304,30001.399999999998,30067.19696296229,10545,10490,10545,10425,0.0,10490,0,0
2429,2019-09-24,65.79696296229304,30115.8,30181.596962962292,10485,10530,10530,10460,0.0,10530,0,0
2430,2019-09-25,65.79696296229304,29229.199999999997,29294.99696296229,10415,10220,10430,10220,0.0,10220,0,0
2431,2019-09-26,65.79696296229304,29114.8,29180.596962962292,10280,10180,10305,10125,0.0,10180,0,0
2432,2019-09-27,29251.03469838749,0.0,29251.03469838749,10205,10100,10205,10080,-1.0,10100,0,0
2433,2019-09-30,29251.03469838749,0.0,29251.03469838749,10070,10155,10175,10055,0.0,10155,0,0
2434,2019-10-01,29251.03469838749,0.0,29251.03469838749,10120,10210,10280,10100,0.0,10210,0,0
2435,2019-10-02,29251.03469838749,0.0,29251.03469838749,10155,10020,10155,10020,0.0,10020,0,0
2436,2019-10-04,29251.03469838749,0.0,29251.03469838749,10025,10035,10120,10025,0.0,10035,0,0
2437,2019-10-07,29251.03469838749,0.0,29251.03469838749,10035,10000,10050,9950,0.0,10000,0,0
2438,2019-10-08,29251.03469838749,0.0,29251.03469838749,10015,10200,10200,9980,0.0,10200,0,0
2439,2019-10-10,29251.03469838749,0.0,29251.03469838749,10105,10100,10165,10025,0.0,10100,0,0
2440,2019-10-11,29251.03469838749,0.0,29251.03469838749,10200,10225,10305,10200,0.0,10225,0,0
2441,2019-10-14,29251.03469838749,0.0,29251.03469838749,10350,10400,10430,10345,0.0,10400,0,0
2442,2019-10-15,26.374698387491662,29223.6,29249.97469838749,10365,10290,10390,10285,1.0,10290,0,0
2443,2019-10-16,26.374698387491662,29095.8,29122.17469838749,10315,10245,10355,10245,0.0,10245,0,0
2444,2019-10-17,26.374698387491662,29181.0,29207.37469838749,10305,10275,10320,10250,0.0,10275,0,0
2445,2019-10-18,29263.11055941869,0.0,29263.11055941869,10295,10175,10310,10145,-1.0,10175,0,0
2446,2019-10-21,29263.11055941869,0.0,29263.11055941869,10235,10140,10235,10120,0.0,10140,0,0
2447,2019-10-22,29263.11055941869,0.0,29263.11055941869,10140,10270,10270,10115,0.0,10270,0,0
2448,2019-10-23,29263.11055941869,0.0,29263.11055941869,10250,10140,10250,10110,0.0,10140,0,0
2449,2019-10-24,29263.11055941869,0.0,29263.11055941869,10180,10205,10220,10140,0.0,10205,0,0
2450,2019-10-25,29263.11055941869,0.0,29263.11055941869,10260,10240,10265,10220,0.0,10240,0,0
2451,2019-10-28,29263.11055941869,0.0,29263.11055941869,10300,10240,10335,10200,0.0,10240,0,0
2452,2019-10-29,29263.11055941869,0.0,29263.11055941869,10255,10190,10300,10175,0.0,10190,0,0
2453,2019-10-30,29263.11055941869,0.0,29263.11055941869,10195,10095,10195,10055,0.0,10095,0,0
2454,2019-10-31,29263.11055941869,0.0,29263.11055941869,10140,10120,10175,10080,0.0,10120,0,0
2455,2019-11-01,29263.11055941869,0.0,29263.11055941869,10115,10175,10180,10075,0.0,10175,0,0
2456,2019-11-04,29263.11055941869,0.0,29263.11055941869,10240,10210,10240,10195,0.0,10210,0,0
2457,2019-11-05,29263.11055941869,0.0,29263.11055941869,10240,10255,10260,10205,0.0,10255,0,0
2458,2019-11-06,29263.11055941869,0.0,29263.11055941869,10295,10195,10295,10180,0.0,10195,0,0
2459,2019-11-07,29263.11055941869,0.0,29263.11055941869,10180,10185,10190,10145,0.0,10185,0,0
2460,2019-11-08,84.75055941868777,29177.3,29262.050559418687,10250,10310,10310,10245,1.0,10310,0,0
2461,2019-11-11,84.75055941868777,28979.2,29063.95055941869,10325,10240,10325,10210,0.0,10240,0,0
2462,2019-11-12,84.75055941868777,28965.05,29049.800559418687,10260,10235,10270,10195,0.0,10235,0,0
2463,2019-11-13,84.75055941868777,28710.350000000002,28795.10055941869,10215,10145,10215,10090,0.0,10145,0,0
2464,2019-11-14,28893.10201249629,0.0,28893.10201249629,10180,10170,10210,10145,-1.0,10170,0,0
2465,2019-11-15,33.35201249628881,28858.7,28892.05201249629,10190,10270,10290,10175,1.0,10270,0,0
2466,2019-11-18,33.35201249628881,28662.0,28695.35201249629,10250,10200,10250,10170,0.0,10200,0,0
2467,2019-11-19,28638.110875799488,0.0,28638.110875799488,10180,10190,10190,10080,-1.0,10190,0,0
2468,2019-11-20,28638.110875799488,0.0,28638.110875799488,10130,10005,10130,10000,0.0,10005,0,0
2469,2019-11-21,28638.110875799488,0.0,28638.110875799488,10010,9900,10010,9860,0.0,9900,0,0
2470,2019-11-22,28638.110875799488,0.0,28638.110875799488,9910,9845,9910,9835,0.0,9845,0,0
2471,2019-11-25,28638.110875799488,0.0,28638.110875799488,9880,9935,9935,9840,0.0,9935,0,0
2472,2019-11-26,28638.110875799488,0.0,28638.110875799488,9935,9955,9975,9915,0.0,9955,0,0
2473,2019-11-27,28638.110875799488,0.0,28638.110875799488,10000,10000,10010,9935,0.0,10000,0,0
2474,2019-11-28,28638.110875799488,0.0,28638.110875799488,9970,9920,10000,9905,0.0,9920,0,0
2475,2019-11-29,28638.110875799488,0.0,28638.110875799488,9905,9815,9950,9785,0.0,9815,0,0
2476,2019-12-02,28638.110875799488,0.0,28638.110875799488,9860,9830,9915,9810,0.0,9830,0,0
2477,2019-12-03,28638.110875799488,0.0,28638.110875799488,9810,9825,9825,9715,0.0,9825,0,0
2478,2019-12-04,28638.110875799488,0.0,28638.110875799488,9765,9630,9765,9585,0.0,9630,0,0
2479,2019-12-05,28638.110875799488,0.0,28638.110875799488,9620,9535,9670,9480,0.0,9535,0,0
2480,2019-12-06,28638.110875799488,0.0,28638.110875799488,9565,9570,9600,9545,0.0,9570,0,0
2481,2019-12-09,28638.110875799488,0.0,28638.110875799488,9630,9630,9650,9575,0.0,9630,0,0
2482,2019-12-10,28638.110875799488,0.0,28638.110875799488,9650,9640,9660,9625,0.0,9640,0,0
2483,2019-12-11,28638.110875799488,0.0,28638.110875799488,9680,9730,9735,9640,0.0,9730,0,0
2484,2019-12-12,28638.110875799488,0.0,28638.110875799488,9745,9880,9900,9745,0.0,9880,0,0
2485,2019-12-13,28638.110875799488,0.0,28638.110875799488,9975,9970,10040,9950,0.0,9970,0,0
2486,2019-12-16,66.6708757994893,28570.399999999998,28637.070875799487,10010,10060,10060,10005,1.0,10060,0,0
2487,2019-12-17,66.6708757994893,28811.8,28878.47087579949,10035,10145,10150,10020,0.0,10145,0,0
2488,2019-12-18,66.6708757994893,28698.199999999997,28764.870875799486,10135,10105,10135,10035,0.0,10105,0,0
2489,2019-12-19,66.6708757994893,28854.399999999998,28921.070875799487,10095,10160,10160,10070,0.0,10160,0,0
2490,2019-12-20,66.6708757994893,29181.0,29247.67087579949,10200,10275,10300,10200,0.0,10275,0,0
2491,2019-12-23,66.6708757994893,29138.399999999998,29205.070875799487,10295,10260,10300,10250,0.0,10260,0,0
2492,2019-12-24,66.6708757994893,29138.399999999998,29205.070875799487,10265,10260,10325,10245,0.0,10260,0,0
2493,2019-12-26,66.6708757994893,29110.0,29176.67087579949,10240,10250,10280,10220,0.0,10250,0,0
2494,2019-12-27,66.6708757994893,29536.0,29602.67087579949,10320,10400,10415,10285,0.0,10400,0,0
2495,2019-12-30,66.6708757994893,29635.399999999998,29702.070875799487,10425,10435,10470,10405,0.0,10435,0,0
2496,2020-01-02,66.6708757994893,29152.6,29219.270875799488,10460,10265,10460,10260,0.0,10265,0,0
2497,2020-01-03,66.6708757994893,29280.399999999998,29347.070875799487,10310,10310,10370,10230,0.0,10310,0,0
2498,2020-01-06,66.6708757994893,28783.399999999998,28850.070875799487,10245,10135,10315,10130,0.0,10135,0,0
2499,2020-01-07,66.6708757994893,28897.0,28963.67087579949,10170,10175,10200,10130,0.0,10175,0,0
2500,2020-01-08,66.6708757994893,27846.199999999997,27912.870875799486,10080,9805,10080,9760,0.0,9805,0,0
2501,2020-01-09,28238.445498570687,0.0,28238.445498570687,9920,9945,9975,9855,-1.0,9945,0,0
2502,2020-01-10,28238.445498570687,0.0,28238.445498570687,9945,10100,10100,9895,0.0,10100,0,0
2503,2020-01-13,28238.445498570687,0.0,28238.445498570687,10115,10160,10165,10080,0.0,10160,0,0
2504,2020-01-14,91.17549857068661,28146.25,28237.425498570687,10180,10235,10305,10180,1.0,10235,0,0
2505,2020-01-15,91.17549857068661,27967.5,28058.675498570687,10255,10170,10255,10150,0.0,10170,0,0
2506,2020-01-16,91.17549857068661,27953.75,28044.925498570687,10200,10165,10200,10060,0.0,10165,0,0
2507,2020-01-17,91.17549857068661,28022.5,28113.675498570687,10175,10190,10210,10155,0.0,10190,0,0
2508,2020-01-20,91.17549857068661,28627.5,28718.675498570687,10235,10410,10440,10235,0.0,10410,0,0
2509,2020-01-21,91.17549857068661,28270.0,28361.175498570687,10430,10280,10440,10280,0.0,10280,0,0
2510,2020-01-22,91.17549857068661,28448.75,28539.925498570687,10285,10345,10350,10260,0.0,10345,0,0
2511,2020-01-23,91.17549857068661,27940.0,28031.175498570687,10300,10160,10320,10155,0.0,10160,0,0
2512,2020-01-28,27218.938120585684,0.0,27218.938120585684,9865,9735,9865,9700,-1.0,9735,0,0
2513,2020-01-29,27218.938120585684,0.0,27218.938120585684,9800,9745,9800,9670,0.0,9745,0,0
2514,2020-01-30,27218.938120585684,0.0,27218.938120585684,9820,9730,9885,9690,0.0,9730,0,0
2515,2020-01-31,27218.938120585684,0.0,27218.938120585684,9785,9620,9785,9610,0.0,9620,0,0
2516,2020-02-03,27218.938120585684,0.0,27218.938120585684,9390,9535,9550,9310,0.0,9535,0,0
2517,2020-02-04,27218.938120585684,0.0,27218.938120585684,9625,9845,9845,9615,0.0,9845,0,0
2518,2020-02-05,27218.938120585684,0.0,27218.938120585684,9960,9995,10035,9920,0.0,9995,0,0
2519,2020-02-06,27218.938120585684,0.0,27218.938120585684,10035,10215,10260,10005,0.0,10215,0,0
2520,2020-02-07,27218.938120585684,0.0,27218.938120585684,10215,10170,10235,10105,0.0,10170,0,0
2521,2020-02-10,85.94812058568277,27132.0,27217.948120585683,10095,10200,10205,10045,1.0,10200,0,0
2522,2020-02-11,85.94812058568277,27969.9,28055.848120585684,10255,10515,10530,10255,0.0,10515,0,0
2523,2020-02-12,85.94812058568277,27876.800000000003,27962.748120585686,10500,10480,10540,10420,0.0,10480,0,0
2524,2020-02-13,85.94812058568277,27717.2,27803.148120585684,10515,10420,10565,10415,0.0,10420,0,0
2525,2020-02-14,85.94812058568277,27677.300000000003,27763.248120585686,10430,10405,10455,10385,0.0,10405,0,0
2526,2020-02-17,85.94812058568277,27797.0,27882.948120585683,10340,10450,10450,10275,0.0,10450,0,0
2527,2020-02-18,85.94812058568277,27584.2,27670.148120585684,10395,10370,10500,10360,0.0,10370,0,0
2528,2020-02-19,85.94812058568277,27251.7,27337.648120585684,10420,10245,10420,10205,0.0,10245,0,0
2529,2020-02-20,85.94812058568277,27398.0,27483.948120585683,10315,10300,10315,10185,0.0,10300,0,0
2530,2020-02-21,85.94812058568277,26786.2,26872.148120585684,10145,10070,10225,10070,0.0,10070,0,0
2531,2020-02-24,26246.095961190083,0.0,26246.095961190083,9835,9680,9835,9660,-1.0,9680,0,0
2532,2020-02-25,26246.095961190083,0.0,26246.095961190083,9620,9710,9710,9585,0.0,9710,0,0
2533,2020-02-26,26246.095961190083,0.0,26246.095961190083,9575,9630,9660,9510,0.0,9630,0,0
2534,2020-02-27,26246.095961190083,0.0,26246.095961190083,9640,9445,9640,9405,0.0,9445,0,0
2535,2020-02-28,26246.095961190083,0.0,26246.095961190083,9230,9075,9250,9045,0.0,9075,0,0
2536,2020-03-02,26246.095961190083,0.0,26246.095961190083,9140,9190,9265,9015,0.0,9190,0,0
2537,2020-03-03,26246.095961190083,0.0,26246.095961190083,9380,9270,9465,9230,0.0,9270,0,0
2538,2020-03-04,26246.095961190083,0.0,26246.095961190083,9235,9365,9410,9220,0.0,9365,0,0
2539,2020-03-05,26246.095961190083,0.0,26246.095961190083,9500,9465,9520,9410,0.0,9465,0,0
2540,2020-03-06,26246.095961190083,0.0,26246.095961190083,9365,9230,9365,9165,0.0,9230,0,0
2541,2020-03-09,26246.095961190083,0.0,26246.095961190083,8945,8695,8945,8695,0.0,8695,0,0
2542,2020-03-10,26246.095961190083,0.0,26246.095961190083,8630,8840,8850,8630,0.0,8840,0,0
2543,2020-03-11,26246.095961190083,0.0,26246.095961190083,8875,8705,8895,8615,0.0,8705,0,0
2544,2020-03-12,26246.095961190083,0.0,26246.095961190083,8645,8155,8645,8065,0.0,8155,0,0
2545,2020-03-13,26246.095961190083,0.0,26246.095961190083,7495,7815,7885,7375,0.0,7815,0,0
2546,2020-03-16,26246.095961190083,0.0,26246.095961190083,7890,7420,7890,7420,0.0,7420,0,0
2547,2020-03-17,26246.095961190083,0.0,26246.095961190083,7040,7355,7420,7040,0.0,7355,0,0
2548,2020-03-18,26246.095961190083,0.0,26246.095961190083,7365,6880,7365,6880,0.0,6880,0,0
2549,2020-03-19,26246.095961190083,0.0,26246.095961190083,6985,5875,6990,5800,0.0,5875,0,0
2550,2020-03-20,26246.095961190083,0.0,26246.095961190083,6090,6665,6665,6000,0.0,6665,0,0
2551,2020-03-23,26246.095961190083,0.0,26246.095961190083,6155,6290,6515,6125,0.0,6290,0,0
2552,2020-03-24,26246.095961190083,0.0,26246.095961190083,6545,6835,6835,6405,0.0,6835,0,0
2553,2020-03-25,26246.095961190083,0.0,26246.095961190083,7180,7565,7585,7065,0.0,7565,0,0
2554,2020-03-26,26246.095961190083,0.0,26246.095961190083,7600,7400,7785,7335,0.0,7400,0,0
2555,2020-03-27,26246.095961190083,0.0,26246.095961190083,7745,7580,7750,7320,0.0,7580,0,0
2556,2020-03-30,26246.095961190083,0.0,26246.095961190083,7320,7625,7665,7245,0.0,7625,0,0
2557,2020-03-31,26246.095961190083,0.0,26246.095961190083,7745,7750,7775,7570,0.0,7750,0,0
2558,2020-04-01,26246.095961190083,0.0,26246.095961190083,7705,7425,7800,7425,0.0,7425,0,0
2559,2020-04-02,26246.095961190083,0.0,26246.095961190083,7455,7755,7800,7300,0.0,7755,0,0
2560,2020-04-03,26246.095961190083,0.0,26246.095961190083,8030,7645,8075,7565,0.0,7645,0,0
2561,2020-04-06,26246.095961190083,0.0,26246.095961190083,7745,7955,7980,7675,0.0,7955,0,0
2562,2020-04-07,49.74596119008493,26195.4,26245.145961190086,8125,8085,8165,7910,1.0,8085,0,0
2563,2020-04-08,49.74596119008493,26227.800000000003,26277.545961190088,8025,8095,8260,7980,0.0,8095,0,0
2564,2020-04-09,49.74596119008493,26778.600000000002,26828.345961190087,8290,8265,8290,8130,0.0,8265,0,0
2565,2020-04-10,49.74596119008493,27118.800000000003,27168.545961190088,8230,8370,8370,8150,0.0,8370,0,0
2566,2020-04-13,49.74596119008493,26470.800000000003,26520.545961190088,8340,8170,8340,8150,0.0,8170,0,0
2567,2020-04-14,49.74596119008493,27167.4,27217.145961190086,8270,8385,8410,8270,0.0,8385,0,0
2568,2020-04-16,49.74596119008493,27475.2,27524.945961190086,8255,8480,8525,8255,0.0,8480,0,0
2569,2020-04-17,49.74596119008493,28188.000000000004,28237.74596119009,8570,8700,8835,8570,0.0,8700,0,0
2570,2020-04-20,49.74596119008493,28155.600000000002,28205.345961190087,8740,8690,8870,8675,0.0,8690,0,0
2571,2020-04-21,49.74596119008493,28220.4,28270.145961190086,8670,8710,8780,8435,0.0,8710,0,0
2572,2020-04-22,49.74596119008493,28090.800000000003,28140.545961190088,8525,8670,8670,8490,0.0,8670,0,0
2573,2020-04-23,49.74596119008493,28755.000000000004,28804.74596119009,8775,8875,8925,8700,0.0,8875,0,0
2574,2020-04-24,49.74596119008493,28301.4,28351.145961190086,8910,8735,8915,8700,0.0,8735,0,0
2575,2020-04-27,49.74596119008493,28900.800000000003,28950.545961190088,8765,8920,8945,8765,0.0,8920,0,0
2576,2020-04-28,49.74596119008493,28512.000000000004,28561.74596119009,8855,8800,8855,8685,0.0,8800,0,0
2577,2020-04-29,49.74596119008493,28965.600000000002,29015.345961190087,8840,8940,9040,8840,0.0,8940,0,0
2578,2020-05-04,49.74596119008493,27864.000000000004,27913.74596119009,8765,8600,8765,8600,0.0,8600,0,0
2579,2020-05-06,49.74596119008493,28301.4,28351.145961190086,8745,8735,8795,8650,0.0,8735,0,0
2580,2020-05-07,49.74596119008493,28074.600000000002,28124.345961190087,8635,8665,8715,8635,0.0,8665,0,0
2581,2020-05-08,49.74596119008493,28204.2,28253.945961190086,8705,8705,8765,8705,0.0,8705,0,0
2582,2020-05-11,49.74596119008493,28026.000000000004,28075.74596119009,8770,8650,8815,8610,0.0,8650,0,0
2583,2020-05-12,49.74596119008493,27475.2,27524.945961190086,8650,8480,8650,8410,0.0,8480,0,0
2584,2020-05-13,49.74596119008493,27831.600000000002,27881.345961190087,8370,8590,8620,8345,0.0,8590,0,0
2585,2020-05-14,49.74596119008493,27556.2,27605.945961190086,8555,8505,8580,8440,0.0,8505,0,0
2586,2020-05-15,49.74596119008493,27896.4,27946.145961190086,8620,8610,8660,8560,0.0,8610,0,0
2587,2020-05-18,49.74596119008493,28301.4,28351.145961190086,8685,8735,8740,8585,0.0,8735,0,0
2588,2020-05-19,49.74596119008493,29111.4,29161.145961190086,9000,8985,9015,8945,0.0,8985,0,0
2589,2020-05-20,49.74596119008493,29192.4,29242.145961190086,8935,9010,9015,8920,0.0,9010,0,0
2590,2020-05-21,49.74596119008493,29953.800000000003,30003.545961190088,9130,9245,9360,9130,0.0,9245,0,0
2591,2020-05-22,49.74596119008493,29208.600000000002,29258.345961190087,9245,9015,9250,8950,0.0,9015,0,0
2592,2020-05-25,49.74596119008493,29775.600000000002,29825.345961190087,9065,9190,9200,8990,0.0,9190,0,0
2593,2020-05-26,49.74596119008493,31428.000000000004,31477.74596119009,9305,9700,9745,9305,0.0,9700,0,0
2594,2020-05-27,49.74596119008493,31168.800000000003,31218.545961190088,9735,9620,9870,9580,0.0,9620,0,0
2595,2020-05-28,49.74596119008493,30569.4,30619.145961190086,9635,9435,9650,9300,0.0,9435,0,0
2596,2020-05-29,49.74596119008493,30423.600000000002,30473.345961190087,9390,9390,9455,9290,0.0,9390,0,0
2597,2020-06-01,49.74596119008493,31120.2,31169.945961190086,9500,9605,9605,9500,0.0,9605,0,0
2598,2020-06-02,49.74596119008493,31266.000000000004,31315.74596119009,9605,9650,9670,9575,0.0,9650,0,0
2599,2020-06-03,49.74596119008493,31897.800000000003,31947.545961190088,9765,9845,9845,9740,0.0,9845,0,0
2600,2020-06-04,49.74596119008493,32043.600000000002,32093.345961190087,9950,9890,10035,9820,0.0,9890,0,0
2601,2020-06-05,49.74596119008493,32578.2,32627.945961190086,9920,10055,10055,9920,0.0,10055,0,0
2602,2020-06-08,49.74596119008493,32740.2,32789.94596119008,10275,10105,10300,10085,0.0,10105,0,0
2603,2020-06-09,49.74596119008493,32675.4,32725.145961190086,10175,10085,10270,9995,0.0,10085,0,0
2604,2020-06-10,49.74596119008493,32626.800000000003,32676.545961190088,10035,10070,10130,10030,0.0,10070,0,0
2605,2020-06-11,49.74596119008493,32513.4,32563.145961190086,10065,10035,10185,9935,0.0,10035,0,0
2606,2020-06-12,49.74596119008493,31995.000000000004,32044.74596119009,9475,9875,9895,9475,0.0,9875,0,0
2607,2020-06-15,49.74596119008493,29921.4,29971.145961190086,9775,9235,9815,9235,0.0,9235,0,0
2608,2020-06-16,49.74596119008493,32529.600000000002,32579.345961190087,9565,10040,10040,9535,0.0,10040,0,0
2609,2020-06-17,49.74596119008493,32950.8,33000.54596119009,10025,10170,10300,9930,0.0,10170,0,0
2610,2020-06-18,49.74596119008493,33112.8,33162.54596119009,10155,10220,10250,10075,0.0,10220,0,0
2611,2020-06-19,49.74596119008493,33777.0,33826.745961190085,10345,10425,10450,10220,0.0,10425,0,0
2612,2020-06-22,49.74596119008493,33760.8,33810.54596119009,10430,10420,10525,10390,0.0,10420,0,0
2613,2020-06-23,49.74596119008493,33890.4,33940.14596119009,10575,10460,10660,10365,0.0,10460,0,0
2614,2020-06-24,49.74596119008493,34651.8,34701.54596119009,10545,10695,10695,10530,0.0,10695,0,0
2615,2020-06-25,49.74596119008493,33987.600000000006,34037.34596119009,10520,10490,10650,10445,0.0,10490,0,0
2616,2020-06-26,49.74596119008493,34101.0,34150.745961190085,10615,10525,10685,10375,0.0,10525,0,0
2617,2020-06-29,49.74596119008493,33436.8,33486.54596119009,10345,10320,10430,10225,0.0,10320,0,0
2618,2020-06-30,49.74596119008493,33615.0,33664.745961190085,10475,10375,10525,10345,0.0,10375,0,0
2619,2020-07-01,49.74596119008493,33453.0,33502.745961190085,10465,10325,10510,10325,0.0,10325,0,0
2620,2020-07-02,49.74596119008493,33809.4,33859.14596119009,10440,10435,10440,10290,0.0,10435,0,0
2621,2020-07-03,49.74596119008493,34052.4,34102.14596119009,10540,10510,10585,10465,0.0,10510,0,0
2622,2020-07-06,49.74596119008493,34603.200000000004,34652.94596119009,10565,10680,10680,10475,0.0,10680,0,0
2623,2020-07-07,49.74596119008493,34749.0,34798.745961190085,10850,10725,10930,10690,0.0,10725,0,0
2624,2020-07-08,49.74596119008493,34797.600000000006,34847.34596119009,10760,10740,10760,10670,0.0,10740,0,0
2625,2020-07-09,49.74596119008493,35802.0,35851.745961190085,10780,11050,11125,10780,0.0,11050,0,0
2626,2020-07-10,49.74596119008493,35202.600000000006,35252.34596119009,11035,10865,11035,10805,0.0,10865,0,0
2627,2020-07-13,49.74596119008493,36271.8,36321.54596119009,10985,11195,11195,10960,0.0,11195,0,0
2628,2020-07-14,49.74596119008493,35704.8,35754.54596119009,11070,11020,11120,10975,0.0,11020,0,0
2629,2020-07-15,49.74596119008493,35964.0,36013.745961190085,11150,11100,11205,10995,0.0,11100,0,0
2630,2020-07-16,49.74596119008493,35672.4,35722.14596119009,11210,11010,11210,10960,0.0,11010,0,0
2631,2020-07-17,49.74596119008493,35542.8,35592.54596119009,11030,10970,11050,10870,0.0,10970,0,0
2632,2020-07-20,49.74596119008493,35478.0,35527.745961190085,10965,10950,10975,10855,0.0,10950,0,0
2633,2020-07-21,49.74596119008493,36466.200000000004,36515.94596119009,11100,11255,11320,11080,0.0,11255,0,0
2634,2020-07-22,49.74596119008493,37535.4,37585.14596119009,11320,11585,11615,11320,0.0,11585,0,0
2635,2020-07-23,49.74596119008493,37308.600000000006,37358.34596119009,11740,11515,11740,11445,0.0,11515,0,0
2636,2020-07-24,49.74596119008493,36936.0,36985.745961190085,11340,11400,11490,11250,0.0,11400,0,0
2637,2020-07-27,49.74596119008493,37211.4,37261.14596119009,11365,11485,11640,11365,0.0,11485,0,0
2638,2020-07-28,49.74596119008493,37276.200000000004,37325.94596119009,11510,11505,11585,11430,0.0,11505,0,0
2639,2020-07-29,49.74596119008493,37033.200000000004,37082.94596119009,11500,11430,11565,11395,0.0,11430,0,0
2640,2020-07-30,49.74596119008493,37130.4,37180.14596119009,11470,11460,11550,11400,0.0,11460,0,0
2641,2020-07-31,49.74596119008493,37843.200000000004,37892.94596119009,11525,11680,11805,11420,0.0,11680,0,0
2642,2020-08-03,49.74596119008493,39511.8,39561.54596119009,11795,12195,12250,11735,0.0,12195,0,0
2643,2020-08-04,49.74596119008493,40095.0,40144.745961190085,12340,12375,12440,12290,0.0,12375,0,0
2644,2020-08-05,49.74596119008493,42184.8,42234.54596119009,12460,13020,13060,12375,0.0,13020,0,0
2645,2020-08-06,49.74596119008493,43335.0,43384.745961190085,13080,13375,13500,13015,0.0,13375,0,0
2646,2020-08-07,49.74596119008493,46056.600000000006,46106.34596119009,13450,14215,14215,13450,0.0,14215,0,0
2647,2020-08-10,49.74596119008493,46672.200000000004,46721.94596119009,14285,14405,14500,14090,0.0,14405,0,0
2648,2020-08-11,49.74596119008493,47433.600000000006,47483.34596119009,14400,14640,14840,14355,0.0,14640,0,0
2649,2020-08-12,49.74596119008493,47109.600000000006,47159.34596119009,14640,14540,14785,14395,0.0,14540,0,0
2650,2020-08-13,49.74596119008493,46882.8,46932.54596119009,14760,14470,14945,14350,0.0,14470,0,0
2651,2020-08-14,49.74596119008493,45068.4,45118.14596119009,14455,13910,14465,13855,0.0,13910,0,0
2652,2020-08-18,49.74596119008493,43594.200000000004,43643.94596119009,13885,13455,14060,13395,0.0,13455,0,0
2653,2020-08-19,49.74596119008493,44339.4,44389.14596119009,13640,13685,13725,13450,0.0,13685,0,0
2654,2020-08-20,49.74596119008493,42573.600000000006,42623.34596119009,13560,13140,13750,13060,0.0,13140,0,0
2655,2020-08-21,49.74596119008493,43675.200000000004,43724.94596119009,13265,13480,13600,13200,0.0,13480,0,0
2656,2020-08-24,49.74596119008493,44031.600000000006,44081.34596119009,13345,13590,13645,13205,0.0,13590,0,0
2657,2020-08-25,49.74596119008493,45522.0,45571.745961190085,13810,14050,14050,13730,0.0,14050,0,0
2658,2020-08-26,49.74596119008493,46121.4,46171.14596119009,14100,14235,14360,13740,0.0,14235,0,0
2659,2020-08-27,49.74596119008493,45927.0,45976.745961190085,14345,14175,14520,14165,0.0,14175,0,0
2660,2020-08-28,49.74596119008493,45959.4,46009.14596119009,14195,14185,14395,14080,0.0,14185,0,0
2661,2020-08-31,49.74596119008493,45538.200000000004,45587.94596119009,14235,14055,14380,13940,0.0,14055,0,0
2662,2020-09-01,49.74596119008493,45797.4,45847.14596119009,14050,14135,14205,13885,0.0,14135,0,0
2663,2020-09-02,49.74596119008493,45716.4,45766.14596119009,14180,14110,14230,13960,0.0,14110,0,0
2664,2020-09-03,49.74596119008493,47174.4,47224.14596119009,14300,14560,14640,14215,0.0,14560,0,0
2665,2020-09-04,49.74596119008493,47109.600000000006,47159.34596119009,13930,14540,14560,13930,0.0,14540,0,0
2666,2020-09-07,49.74596119008493,47174.4,47224.14596119009,14550,14560,14645,14365,0.0,14560,0,0
2667,2020-09-08,49.74596119008493,46234.8,46284.54596119009,14600,14270,14705,14215,0.0,14270,0,0
2668,2020-09-09,49.74596119008493,45797.4,45847.14596119009,13865,14135,14200,13865,0.0,14135,0,0
2669,2020-09-10,49.74596119008493,46915.200000000004,46964.94596119009,14305,14480,14480,14160,0.0,14480,0,0
2670,2020-09-11,49.74596119008493,46170.0,46219.745961190085,14280,14250,14370,14065,0.0,14250,0,0
2671,2020-09-14,49.74596119008493,46688.4,46738.14596119009,14210,14410,14490,14120,0.0,14410,0,0
2672,2020-09-15,49.74596119008493,46850.4,46900.14596119009,14465,14460,14545,14300,0.0,14460,0,0
2673,2020-09-16,49.74596119008493,45619.200000000004,45668.94596119009,14390,14080,14515,14070,0.0,14080,0,0
2674,2020-09-17,49.74596119008493,44517.600000000006,44567.34596119009,14045,13740,14180,13655,0.0,13740,0,0
2675,2020-09-18,44727.71980246849,0.0,44727.71980246849,13790,13920,13975,13790,-1.0,13920,0,0
2676,2020-09-21,44727.71980246849,0.0,44727.71980246849,13855,13555,13915,13500,0.0,13555,0,0
2677,2020-09-22,44727.71980246849,0.0,44727.71980246849,13575,13260,13600,13155,0.0,13260,0,0
2678,2020-09-23,44727.71980246849,0.0,44727.71980246849,13465,13075,13500,12750,0.0,13075,0,0
2679,2020-09-24,44727.71980246849,0.0,44727.71980246849,12840,12550,12975,12500,0.0,12550,0,0
2680,2020-09-25,44727.71980246849,0.0,44727.71980246849,12665,12680,12760,12490,0.0,12680,0,0
2681,2020-09-28,44727.71980246849,0.0,44727.71980246849,12780,12865,12890,12600,0.0,12865,0,0
2682,2020-09-29,44727.71980246849,0.0,44727.71980246849,13135,13115,13200,12925,0.0,13115,0,0
2683,2020-10-05,44727.71980246849,0.0,44727.71980246849,13190,13515,13515,13155,0.0,13515,0,0
2684,2020-10-06,44727.71980246849,0.0,44727.71980246849,13570,13625,13675,13525,0.0,13625,0,0
2685,2020-10-07,44727.71980246849,0.0,44727.71980246849,13495,13850,13850,13495,0.0,13850,0,0
2686,2020-10-08,78.89980246849154,44647.200000000004,44726.099802468496,13945,14310,14330,13915,1.0,14310,0,0
2687,2020-10-12,78.89980246849154,44631.6,44710.49980246849,14305,14305,14390,14235,0.0,14305,0,0
2688,2020-10-13,78.89980246849154,43742.4,43821.29980246849,14335,14020,14370,14020,0.0,14020,0,0
2689,2020-10-14,78.89980246849154,42900.0,42978.89980246849,14020,13750,14020,13720,0.0,13750,0,0
2690,2020-10-15,78.89980246849154,43056.0,43134.89980246849,13775,13800,13895,13665,0.0,13800,0,0
2691,2020-10-16,78.89980246849154,42510.0,42588.89980246849,13805,13625,13825,13410,0.0,13625,0,0
2692,2020-10-19,42540.5543118413,0.0,42540.5543118413,13610,13365,13630,13365,-1.0,13365,0,0
2693,2020-10-20,42540.5543118413,0.0,42540.5543118413,13280,13525,13530,13185,0.0,13525,0,0
2694,2020-10-21,42540.5543118413,0.0,42540.5543118413,13625,13690,13690,13450,0.0,13690,0,0
2695,2020-10-22,42540.5543118413,0.0,42540.5543118413,13640,13565,13720,13495,0.0,13565,0,0
2696,2020-10-23,42540.5543118413,0.0,42540.5543118413,13665,13685,13745,13565,0.0,13685,0,0
2697,2020-10-26,42540.5543118413,0.0,42540.5543118413,13605,13400,13605,13355,0.0,13400,0,0
2698,2020-10-27,42540.5543118413,0.0,42540.5543118413,13310,13370,13450,13195,0.0,13370,0,0
2699,2020-10-28,42540.5543118413,0.0,42540.5543118413,13450,13630,13630,13395,0.0,13630,0,0
2700,2020-10-29,42540.5543118413,0.0,42540.5543118413,13395,13640,13650,13360,0.0,13640,0,0
2701,2020-10-30,42540.5543118413,0.0,42540.5543118413,13655,13170,13655,13160,0.0,13170,0,0
2702,2020-11-02,42540.5543118413,0.0,42540.5543118413,13145,13350,13350,13000,0.0,13350,0,0
2703,2020-11-03,42540.5543118413,0.0,42540.5543118413,13415,13875,13875,13415,0.0,13875,0,0
2704,2020-11-04,81.20431184129848,42457.8,42539.0043118413,14100,13785,14125,13700,1.0,13785,0,0
2705,2020-11-05,81.20431184129848,44182.6,44263.8043118413,14045,14345,14345,14015,0.0,14345,0,0
2706,2020-11-06,81.20431184129848,44937.200000000004,45018.4043118413,14520,14590,14650,14410,0.0,14590,0,0
2707,2020-11-09,81.20431184129848,47416.6,47497.8043118413,14890,15395,15400,14890,0.0,15395,0,0
2708,2020-11-10,81.20431184129848,47000.8,47082.0043118413,15460,15260,15545,15170,0.0,15260,0,0
2709,2020-11-11,81.20431184129848,46092.200000000004,46173.4043118413,15260,14965,15345,14965,0.0,14965,0,0
2710,2020-11-12,81.20431184129848,46323.200000000004,46404.4043118413,15035,15040,15195,14960,0.0,15040,0,0
2711,2020-11-13,81.20431184129848,46200.0,46281.2043118413,14935,15000,15020,14655,0.0,15000,0,0
2712,2020-11-16,81.20431184129848,46169.200000000004,46250.4043118413,14925,14990,15010,14765,0.0,14990,0,0
2713,2020-11-17,81.20431184129848,46446.4,46527.6043118413,15120,15080,15140,14985,0.0,15080,0,0
2714,2020-11-18,81.20431184129848,47154.8,47236.0043118413,15100,15310,15315,15050,0.0,15310,0,0
2715,2020-11-19,81.20431184129848,47247.200000000004,47328.4043118413,15305,15340,15350,15150,0.0,15340,0,0
2716,2020-11-20,81.20431184129848,47385.8,47467.0043118413,15400,15385,15480,15335,0.0,15385,0,0
2717,2020-11-23,81.20431184129848,47770.8,47852.0043118413,15420,15510,15600,15380,0.0,15510,0,0
2718,2020-11-24,81.20431184129848,48848.8,48930.0043118413,15680,15860,15860,15680,0.0,15860,0,0
2719,2020-11-25,81.20431184129848,48510.0,48591.2043118413,16160,15750,16285,15615,0.0,15750,0,0
2720,2020-11-26,81.20431184129848,49403.200000000004,49484.4043118413,15765,16040,16060,15695,0.0,16040,0,0
2721,2020-11-27,81.20431184129848,49957.6,50038.8043118413,16010,16220,16240,15925,0.0,16220,0,0
2722,2020-11-30,81.20431184129848,49095.200000000004,49176.4043118413,16335,15940,16335,15925,0.0,15940,0,0
2723,2020-12-01,81.20431184129848,49526.4,49607.6043118413,15930,16080,16110,15930,0.0,16080,0,0
2724,2020-12-02,81.20431184129848,50173.200000000004,50254.4043118413,16120,16290,16340,16080,0.0,16290,0,0
2725,2020-12-03,81.20431184129848,49911.4,49992.6043118413,16385,16205,16385,16125,0.0,16205,0,0
2726,2020-12-04,81.20431184129848,49511.0,49592.2043118413,16355,16075,16355,16040,0.0,16075,0,0
2727,2020-12-07,81.20431184129848,48972.0,49053.2043118413,16060,15900,16110,15675,0.0,15900,0,0
2728,2020-12-08,81.20431184129848,48633.200000000004,48714.4043118413,15915,15790,16050,15770,0.0,15790,0,0
2729,2020-12-09,81.20431184129848,49880.6,49961.8043118413,15900,16195,16205,15900,0.0,16195,0,0
2730,2020-12-10,81.20431184129848,49957.6,50038.8043118413,16060,16220,16290,15955,0.0,16220,0,0
2731,2020-12-11,81.20431184129848,49957.6,50038.8043118413,16365,16220,16415,16195,0.0,16220,0,0
2732,2020-12-14,81.20431184129848,49310.8,49392.0043118413,16205,16010,16215,15975,0.0,16010,0,0
2733,2020-12-15,81.20431184129848,49341.6,49422.8043118413,16095,16020,16095,15900,0.0,16020,0,0
2734,2020-12-16,81.20431184129848,50512.0,50593.2043118413,16210,16400,16445,16200,0.0,16400,0,0
2735,2020-12-17,81.20431184129848,50912.4,50993.6043118413,16450,16530,16555,16270,0.0,16530,0,0
2736,2020-12-18,81.20431184129848,50542.8,50624.0043118413,16590,16410,16600,16365,0.0,16410,0,0
2737,2020-12-21,81.20431184129848,50635.200000000004,50716.4043118413,16425,16440,16515,16265,0.0,16440,0,0
2738,2020-12-22,81.20431184129848,49295.4,49376.6043118413,16390,16005,16390,16005,0.0,16005,0,0
2739,2020-12-23,81.20431184129848,49634.200000000004,49715.4043118413,16135,16115,16185,15800,0.0,16115,0,0
2740,2020-12-24,81.20431184129848,50065.4,50146.6043118413,16110,16255,16370,16110,0.0,16255,0,0
2741,2020-12-28,81.20431184129848,49973.0,50054.2043118413,16320,16225,16345,16160,0.0,16225,0,0
2742,2020-12-29,81.20431184129848,51189.6,51270.8043118413,16395,16620,16620,16365,0.0,16620,0,0
2743,2020-12-30,81.20431184129848,52082.8,52164.0043118413,16670,16910,16940,16575,0.0,16910,0,0
2744,2021-01-04,81.20431184129848,55517.0,55598.2043118413,17315,18025,18060,17155,0.0,18025,0,0
2745,2021-01-05,81.20431184129848,56841.4,56922.6043118413,18010,18455,18500,17945,0.0,18455,0,0
2746,2021-01-06,81.20431184129848,57057.0,57138.2043118413,18905,18525,19245,18455,0.0,18525,0,0
2747,2021-01-07,81.20431184129848,59444.0,59525.2043118413,19015,19300,19405,18940,0.0,19300,0,0
2748,2021-01-08,81.20431184129848,60860.8,60942.0043118413,19605,19760,19905,19500,0.0,19760,0,0
2749,2021-01-11,81.20431184129848,60629.8,60711.0043118413,20005,19685,20595,19265,0.0,19685,0,0
2750,2021-01-12,81.20431184129848,60044.6,60125.8043118413,19550,19495,19785,18930,0.0,19495,0,0
2751,2021-01-13,81.20431184129848,60599.0,60680.2043118413,19610,19675,19965,19470,0.0,19675,0,0
2752,2021-01-14,81.20431184129848,60429.6,60510.8043118413,19685,19620,19920,19545,0.0,19620,0,0
2753,2021-01-15,81.20431184129848,59320.8,59402.0043118413,19780,19260,19920,19260,0.0,19260,0,0
2754,2021-01-18,81.20431184129848,57873.200000000004,57954.4043118413,18895,18790,19260,18605,0.0,18790,0,0
2755,2021-01-19,81.20431184129848,60060.0,60141.2043118413,18920,19500,19550,18780,0.0,19500,0,0
2756,2021-01-20,81.20431184129848,60984.0,61065.2043118413,19980,19800,19980,19275,0.0,19800,0,0
2757,2021-01-21,81.20431184129848,61646.200000000004,61727.4043118413,20215,20015,20225,19925,0.0,20015,0,0
2758,2021-01-22,81.20431184129848,61507.6,61588.8043118413,20015,19970,20255,19940,0.0,19970,0,0
2759,2021-01-25,81.20431184129848,62216.0,62297.2043118413,19970,20200,20200,19920,0.0,20200,0,0
2760,2021-01-26,81.20431184129848,62062.0,62143.2043118413,20290,20150,20400,20020,0.0,20150,0,0
2761,2021-01-27,81.20431184129848,61061.0,61142.2043118413,20165,19825,20380,19700,0.0,19825,0,0
2762,2021-01-28,81.20431184129848,60783.8,60865.0043118413,19515,19735,19795,19270,0.0,19735,0,0
2763,2021-01-29,81.20431184129848,59320.8,59402.0043118413,19950,19260,20120,19015,0.0,19260,0,0
2764,2021-02-01,81.20431184129848,62323.8,62405.0043118413,19320,20235,20235,19020,0.0,20235,0,0
2765,2021-02-02,81.20431184129848,63555.8,63637.0043118413,20440,20635,20795,20295,0.0,20635,0,0
2766,2021-02-03,81.20431184129848,64156.4,64237.6043118413,20945,20830,20945,20570,0.0,20830,0,0
2767,2021-02-04,81.20431184129848,63817.6,63898.8043118413,20835,20720,20880,20575,0.0,20720,0,0
2768,2021-02-05,81.20431184129848,64680.0,64761.2043118413,20895,21000,21200,20660,0.0,21000,0,0
2769,2021-02-08,81.20431184129848,63771.4,63852.6043118413,20795,20705,20960,20540,0.0,20705,0,0
2770,2021-02-09,81.20431184129848,63448.0,63529.2043118413,20750,20600,21045,20600,0.0,20600,0,0
2771,2021-02-10,81.20431184129848,64418.200000000004,64499.4043118413,20600,20915,20945,20370,0.0,20915,0,0
2772,2021-02-15,81.20431184129848,64710.8,64792.0043118413,20985,21010,21095,20800,0.0,21010,0,0
2773,2021-02-16,81.20431184129848,65095.8,65177.0043118413,21215,21135,21215,20885,0.0,21135,0,0
2774,2021-02-17,81.20431184129848,64787.8,64869.0043118413,21250,21035,21250,20855,0.0,21035,0,0
2775,2021-02-18,81.20431184129848,63756.0,63837.2043118413,21035,20700,21155,20660,0.0,20700,0,0
2776,2021-02-19,81.20431184129848,63663.6,63744.8043118413,20900,20670,20900,20175,0.0,20670,0,0
2777,2021-02-22,81.20431184129848,62231.4,62312.6043118413,20875,20205,20875,20150,0.0,20205,0,0
2778,2021-02-23,81.20431184129848,61938.8,62020.0043118413,19960,20110,20355,19850,0.0,20110,0,0
2779,2021-02-24,62418.1354143181,0.0,62418.1354143181,20240,19200,20240,19200,-1.0,19200,0,0
2780,2021-02-25,62418.1354143181,0.0,62418.1354143181,19875,19905,19920,19670,0.0,19905,0,0
2781,2021-02-26,62418.1354143181,0.0,62418.1354143181,19350,19215,19500,19025,0.0,19215,0,0
2782,2021-03-02,62418.1354143181,0.0,62418.1354143181,19840,19500,20005,19320,0.0,19500,0,0
2783,2021-03-03,62418.1354143181,0.0,62418.1354143181,19475,19645,19645,19290,0.0,19645,0,0
2784,2021-03-04,62418.1354143181,0.0,62418.1354143181,19315,19410,19680,19225,0.0,19410,0,0
2785,2021-03-05,62418.1354143181,0.0,62418.1354143181,19165,19450,19575,19080,0.0,19450,0,0
2786,2021-03-08,62418.1354143181,0.0,62418.1354143181,19660,18895,19660,18895,0.0,18895,0,0
2787,2021-03-09,62418.1354143181,0.0,62418.1354143181,18865,18470,18865,18090,0.0,18470,0,0
2788,2021-03-10,62418.1354143181,0.0,62418.1354143181,19065,18350,19065,18300,0.0,18350,0,0
2789,2021-03-11,62418.1354143181,0.0,62418.1354143181,18360,18900,19005,18360,0.0,18900,0,0
2790,2021-03-12,62418.1354143181,0.0,62418.1354143181,19400,19320,19400,19105,0.0,19320,0,0
2791,2021-03-15,62418.1354143181,0.0,62418.1354143181,19220,19130,19305,19085,0.0,19130,0,0
2792,2021-03-16,62418.1354143181,0.0,62418.1354143181,18840,18715,18880,18605,0.0,18715,0,0
2793,2021-03-17,62418.1354143181,0.0,62418.1354143181,18715,18555,18715,18380,0.0,18555,0,0
2794,2021-03-18,62418.1354143181,0.0,62418.1354143181,18715,18550,18880,18520,0.0,18550,0,0
2795,2021-03-19,62418.1354143181,0.0,62418.1354143181,18265,18350,18430,18155,0.0,18350,0,0
2796,2021-03-22,62418.1354143181,0.0,62418.1354143181,18325,18200,18350,18025,0.0,18200,0,0
2797,2021-03-23,62418.1354143181,0.0,62418.1354143181,18200,17880,18385,17880,0.0,17880,0,0
2798,2021-03-24,62418.1354143181,0.0,62418.1354143181,17700,18005,18125,17690,0.0,18005,0,0
2799,2021-03-25,62418.1354143181,0.0,62418.1354143181,18175,18265,18400,18165,0.0,18265,0,0
2800,2021-03-26,62418.1354143181,0.0,62418.1354143181,18380,18500,18525,18280,0.0,18500,0,0
2801,2021-03-29,62418.1354143181,0.0,62418.1354143181,18615,18500,18770,18460,0.0,18500,0,0
2802,2021-03-30,62418.1354143181,0.0,62418.1354143181,18480,18800,18820,18410,0.0,18800,0,0
2803,2021-03-31,62418.1354143181,0.0,62418.1354143181,18910,18750,18965,18745,0.0,18750,0,0
2804,2021-04-01,62418.1354143181,0.0,62418.1354143181,19130,19210,19340,19060,0.0,19210,0,0
2805,2021-04-02,157.61541431810474,62258.25,62415.865414318105,19500,19275,19500,19160,1.0,19275,0,0
2806,2021-04-05,157.61541431810474,61402.3,61559.91541431811,19285,19010,19285,18985,0.0,19010,0,0
2807,2021-04-06,157.61541431810474,61014.7,61172.3154143181,19190,18890,19190,18730,0.0,18890,0,0
2808,2021-04-07,157.61541431810474,61208.5,61366.115414318105,18890,18950,19180,18890,0.0,18950,0,0
2809,2021-04-08,157.61541431810474,61886.8,62044.41541431811,18950,19160,19175,18860,0.0,19160,0,0
2810,2021-04-09,157.61541431810474,61757.6,61915.2154143181,19310,19120,19310,19065,0.0,19120,0,0
2811,2021-04-12,157.61541431810474,63437.2,63594.8154143181,19680,19640,20025,19400,0.0,19640,0,0
2812,2021-04-13,157.61541431810474,64357.75,64515.365414318105,19825,19925,19990,19700,0.0,19925,0,0
2813,2021-04-14,157.61541431810474,65359.05,65516.66541431811,20125,20235,20235,19990,0.0,20235,0,0
2814,2021-04-15,157.61541431810474,65132.95,65290.5654143181,20235,20165,20310,20100,0.0,20165,0,0
2815,2021-04-16,157.61541431810474,65795.1,65952.71541431811,20220,20370,20370,20220,0.0,20370,0,0
2816,2021-04-19,157.61541431810474,66085.8,66243.41541431811,20385,20460,20500,20315,0.0,20460,0,0
2817,2021-04-20,157.61541431810474,66182.7,66340.3154143181,20460,20490,20500,20315,0.0,20490,0,0
2818,2021-04-21,157.61541431810474,65310.6,65468.2154143181,20450,20220,20450,20120,0.0,20220,0,0
2819,2021-04-22,157.61541431810474,66263.45,66421.0654143181,20365,20515,20720,20365,0.0,20515,0,0
2820,2021-04-23,157.61541431810474,66570.3,66727.91541431811,20465,20610,20740,20300,0.0,20610,0,0
2821,2021-04-26,157.61541431810474,67410.1,67567.71541431811,20810,20870,20920,20630,0.0,20870,0,0
2822,2021-04-27,157.61541431810474,67733.1,67890.71541431811,20925,20970,21050,20835,0.0,20970,0,0
2823,2021-04-28,157.61541431810474,66376.5,66534.1154143181,21030,20550,21030,20475,0.0,20550,0,0
2824,2021-04-29,157.61541431810474,66861.0,67018.6154143181,20550,20700,20900,20405,0.0,20700,0,0
2825,2021-04-30,157.61541431810474,65988.9,66146.5154143181,20795,20430,20795,20240,0.0,20430,0,0
2826,2021-05-03,157.61541431810474,64228.55,64386.16541431811,20420,19885,20430,19865,0.0,19885,0,0
2827,2021-05-04,157.61541431810474,65698.2,65855.8154143181,19885,20340,20340,19770,0.0,20340,0,0
2828,2021-05-06,157.61541431810474,67523.15,67680.7654143181,20340,20905,20905,20270,0.0,20905,0,0
2829,2021-05-07,157.61541431810474,67167.85,67325.46541431811,20945,20795,21045,20795,0.0,20795,0,0
2830,2021-05-10,157.61541431810474,67426.25,67583.8654143181,20880,20875,21100,20855,0.0,20875,0,0
2831,2021-05-11,157.61541431810474,66215.0,66372.6154143181,20830,20500,20860,20450,0.0,20500,0,0
2832,2021-05-12,157.61541431810474,64163.95,64321.5654143181,20375,19865,20505,19720,0.0,19865,0,0
2833,2021-05-13,63124.1736000535,0.0,63124.1736000535,19495,19450,19800,19325,-1.0,19450,0,0
2834,2021-05-14,63124.1736000535,0.0,63124.1736000535,19540,19755,19800,19535,0.0,19755,0,0
2835,2021-05-17,63124.1736000535,0.0,63124.1736000535,19950,19710,19950,19625,0.0,19710,0,0
2836,2021-05-18,63124.1736000535,0.0,63124.1736000535,19710,19965,20035,19710,0.0,19965,0,0
2837,2021-05-20,63124.1736000535,0.0,63124.1736000535,19995,20050,20155,19800,0.0,20050,0,0
2838,2021-05-21,63124.1736000535,0.0,63124.1736000535,20300,20020,20300,19870,0.0,20020,0,0
2839,2021-05-24,63124.1736000535,0.0,63124.1736000535,19975,19660,19975,19660,0.0,19660,0,0
2840,2021-05-25,63124.1736000535,0.0,63124.1736000535,19955,19815,19955,19790,0.0,19815,0,0
2841,2021-05-26,63124.1736000535,0.0,63124.1736000535,19930,19655,19930,19625,0.0,19655,0,0
2842,2021-05-27,63124.1736000535,0.0,63124.1736000535,19770,19590,19770,19390,0.0,19590,0,0
2843,2021-05-28,63124.1736000535,0.0,63124.1736000535,19590,19715,19780,19590,0.0,19715,0,0
2844,2021-05-31,63124.1736000535,0.0,63124.1736000535,19790,19410,19790,19325,0.0,19410,0,0
2845,2021-06-01,63124.1736000535,0.0,63124.1736000535,19510,19555,19705,19385,0.0,19555,0,0
2846,2021-06-02,63124.1736000535,0.0,63124.1736000535,19600,19655,19770,19585,0.0,19655,0,0
2847,2021-06-03,63124.1736000535,0.0,63124.1736000535,19655,19825,19825,19650,0.0,19825,0,0
2848,2021-06-04,63124.1736000535,0.0,63124.1736000535,19820,19725,19820,19640,0.0,19725,0,0
2849,2021-06-07,63124.1736000535,0.0,63124.1736000535,19790,19740,19890,19665,0.0,19740,0,0
2850,2021-06-08,63124.1736000535,0.0,63124.1736000535,19705,19485,19740,19450,0.0,19485,0,0
2851,2021-06-09,63124.1736000535,0.0,63124.1736000535,19535,19390,19575,19335,0.0,19390,0,0
2852,2021-06-10,63124.1736000535,0.0,63124.1736000535,19390,19365,19390,19205,0.0,19365,0,0
2853,2021-06-11,63124.1736000535,0.0,63124.1736000535,19390,19720,19725,19390,0.0,19720,0,0
2854,2021-06-14,63124.1736000535,0.0,63124.1736000535,19720,19700,19730,19610,0.0,19700,0,0
2855,2021-06-15,63124.1736000535,0.0,63124.1736000535,19900,19900,19960,19755,0.0,19900,0,0
2856,2021-06-16,63124.1736000535,0.0,63124.1736000535,19985,19805,19985,19780,0.0,19805,0,0
2857,2021-06-17,32.473600053504924,63089.4,63121.87360005351,19795,19965,19985,19770,1.0,19965,0,0
2858,2021-06-18,32.473600053504924,62568.0,62600.473600053505,19965,19800,20010,19800,0.0,19800,0,0
2859,2021-06-21,32.473600053504924,62267.8,62300.27360005351,19695,19705,19750,19550,0.0,19705,0,0
2860,2021-06-22,32.473600053504924,62773.4,62805.87360005351,19790,19865,19920,19790,0.0,19865,0,0
2861,2021-06-23,32.473600053504924,62994.600000000006,63027.07360005351,19960,19935,19975,19750,0.0,19935,0,0
2862,2021-06-24,32.473600053504924,63136.8,63169.27360005351,19935,19980,20150,19910,0.0,19980,0,0
2863,2021-06-25,32.473600053504924,63674.0,63706.473600053505,20095,20150,20230,20055,0.0,20150,0,0
2864,2021-06-28,32.473600053504924,63531.8,63564.27360005351,20145,20105,20265,20070,0.0,20105,0,0
2865,2021-06-29,32.473600053504924,63516.0,63548.473600053505,20210,20100,20230,20060,0.0,20100,0,0
2866,2021-06-30,32.473600053504924,64132.200000000004,64164.67360005351,20160,20295,20350,20145,0.0,20295,0,0
2867,2021-07-01,32.473600053504924,63073.600000000006,63106.07360005351,20350,19960,20450,19945,0.0,19960,0,0
2868,2021-07-02,32.473600053504924,63010.4,63042.87360005351,19970,19940,20080,19930,0.0,19940,0,0
2869,2021-07-05,32.473600053504924,63358.0,63390.473600053505,19965,20050,20180,19965,0.0,20050,0,0
2870,2021-07-06,32.473600053504924,64069.0,64101.473600053505,20200,20275,20310,20160,0.0,20275,0,0
2871,2021-07-07,32.473600053504924,63768.8,63801.27360005351,20250,20180,20250,20010,0.0,20180,0,0
2872,2021-07-08,32.473600053504924,62884.0,62916.473600053505,20180,19900,20200,19855,0.0,19900,0,0
2873,2021-07-09,32.473600053504924,62362.600000000006,62395.07360005351,19770,19735,19890,19495,0.0,19735,0,0
2874,2021-07-12,62708.792349727904,0.0,62708.792349727904,19835,19890,19910,19785,-1.0,19890,0,0
2875,2021-07-13,88.11234972790407,62618.4,62706.512349727906,19960,20070,20150,19930,1.0,20070,0,0
2876,2021-07-14,88.11234972790407,62868.0,62956.112349727904,20145,20150,20190,20045,0.0,20150,0,0
2877,2021-07-15,88.11234972790407,62727.6,62815.7123497279,20150,20105,20160,20085,0.0,20105,0,0
2878,2021-07-16,88.11234972790407,62493.6,62581.7123497279,20150,20030,20195,19980,0.0,20030,0,0
2879,2021-07-19,88.11234972790407,62353.200000000004,62441.31234972791,20000,19985,20025,19885,0.0,19985,0,0
2880,2021-07-20,61612.273034873506,0.0,61612.273034873506,19720,19870,19910,19700,-1.0,19870,0,0
2881,2021-07-21,61612.273034873506,0.0,61612.273034873506,20085,19870,20085,19870,0.0,19870,0,0
2882,2021-07-22,198.28303487350786,61411.75,61610.03303487351,20005,20135,20150,19980,1.0,20135,0,0
2883,2021-07-23,198.28303487350786,61686.25,61884.53303487351,20165,20225,20300,20160,0.0,20225,0,0
2884,2021-07-26,198.28303487350786,61472.75,61671.03303487351,20305,20155,20305,20100,0.0,20155,0,0
2885,2021-07-27,198.28303487350786,61640.5,61838.78303487351,20280,20210,20355,20155,0.0,20210,0,0
2886,2021-07-28,198.28303487350786,61320.25,61518.53303487351,20130,20105,20260,20010,0.0,20105,0,0
2887,2021-07-29,198.28303487350786,61366.0,61564.28303487351,20250,20120,20290,20060,0.0,20120,0,0
2888,2021-07-30,198.28303487350786,60634.0,60832.28303487351,20135,19880,20150,19875,0.0,19880,0,0
2889,2021-08-02,60845.325644770506,0.0,60845.325644770506,19885,19950,19990,19640,-1.0,19950,0,0
2890,2021-08-03,60845.325644770506,0.0,60845.325644770506,20010,19930,20010,19875,0.0,19930,0,0
2891,2021-08-04,60845.325644770506,0.0,60845.325644770506,19930,19845,19930,19545,0.0,19845,0,0
2892,2021-08-05,60845.325644770506,0.0,60845.325644770506,19855,19785,19940,19705,0.0,19785,0,0
2893,2021-08-06,60845.325644770506,0.0,60845.325644770506,19835,19715,19900,19690,0.0,19715,0,0
2894,2021-08-09,60845.325644770506,0.0,60845.325644770506,19715,19790,19845,19625,0.0,19790,0,0
2895,2021-08-10,60845.325644770506,0.0,60845.325644770506,19900,19900,19940,19750,0.0,19900,0,0
2896,2021-08-11,60845.325644770506,0.0,60845.325644770506,19970,19935,20150,19900,0.0,19935,0,0
2897,2021-08-12,60845.325644770506,0.0,60845.325644770506,20040,20100,20175,20010,0.0,20100,0,0
2898,2021-08-13,61.31564477050415,60781.799999999996,60843.1156447705,20160,20060,20300,19920,1.0,20060,0,0
2899,2021-08-17,60628.8111499693,0.0,60628.8111499693,19990,19595,20100,19580,-1.0,19595,0,0
2900,2021-08-18,60628.8111499693,0.0,60628.8111499693,19550,19755,19795,19405,0.0,19755,0,0
2901,2021-08-19,60628.8111499693,0.0,60628.8111499693,19570,19250,19670,19195,0.0,19250,0,0
2902,2021-08-20,60628.8111499693,0.0,60628.8111499693,19315,19160,19460,19025,0.0,19160,0,0
2903,2021-08-23,60628.8111499693,0.0,60628.8111499693,19175,18870,19175,18870,0.0,18870,0,0
2904,2021-08-24,60628.8111499693,0.0,60628.8111499693,18975,19075,19250,18850,0.0,19075,0,0
2905,2021-08-25,60628.8111499693,0.0,60628.8111499693,19130,19405,19440,19130,0.0,19405,0,0
2906,2021-08-26,60628.8111499693,0.0,60628.8111499693,19455,19310,19535,19265,0.0,19310,0,0
2907,2021-08-27,60628.8111499693,0.0,60628.8111499693,19240,19405,19405,19150,0.0,19405,0,0
2908,2021-08-30,60628.8111499693,0.0,60628.8111499693,19605,19360,19605,19355,0.0,19360,0,0
2909,2021-08-31,60628.8111499693,0.0,60628.8111499693,19440,19695,19695,19345,0.0,19695,0,0
2910,2021-09-01,60628.8111499693,0.0,60628.8111499693,19640,19405,19755,19375,0.0,19405,0,0
2911,2021-09-02,60628.8111499693,0.0,60628.8111499693,19405,19315,19405,19205,0.0,19315,0,0
2912,2021-09-03,60628.8111499693,0.0,60628.8111499693,19340,19425,19450,19310,0.0,19425,0,0
2913,2021-09-06,60628.8111499693,0.0,60628.8111499693,19470,19805,19820,19450,0.0,19805,0,0
2914,2021-09-07,166.21114996929828,60460.4,60626.6111499693,19925,20020,20045,19905,1.0,20020,0,0
2915,2021-09-08,166.21114996929828,61230.5,61396.7111499693,20020,20275,20275,19945,0.0,20275,0,0
2916,2021-09-09,166.21114996929828,60928.5,61094.7111499693,20270,20175,20340,20130,0.0,20175,0,0
2917,2021-09-10,166.21114996929828,61532.5,61698.7111499693,20175,20375,20420,20155,0.0,20375,0,0
2918,2021-09-13,166.21114996929828,62498.9,62665.1111499693,20375,20695,20695,20305,0.0,20695,0,0
2919,2021-09-14,166.21114996929828,62453.6,62619.8111499693,20750,20680,20800,20600,0.0,20680,0,0
2920,2021-09-15,166.21114996929828,62227.1,62393.3111499693,20690,20605,20690,20415,0.0,20605,0,0
2921,2021-09-16,166.21114996929828,62121.4,62287.6111499693,20700,20570,20820,20545,0.0,20570,0,0
2922,2021-09-17,166.21114996929828,61864.7,62030.911149969295,20570,20485,20615,20370,0.0,20485,0,0
2923,2021-09-23,166.21114996929828,63012.3,63178.5111499693,20255,20865,20865,20255,0.0,20865,0,0
2924,2021-09-24,166.21114996929828,63178.4,63344.6111499693,20995,20920,21100,20830,0.0,20920,0,0
2925,2021-09-27,166.21114996929828,63903.2,64069.411149969295,20935,21160,21160,20935,0.0,21160,0,0
2926,2021-09-28,166.21114996929828,64673.3,64839.5111499693,21315,21415,21535,21180,0.0,21415,0,0
2927,2021-09-29,166.21114996929828,64628.0,64794.2111499693,21030,21400,21420,20915,0.0,21400,0,0
2928,2021-09-30,166.21114996929828,63873.0,64039.2111499693,21235,21150,21235,20925,0.0,21150,0,0
2929,2021-10-01,166.21114996929828,62891.5,63057.7111499693,21055,20825,21085,20810,0.0,20825,0,0
2930,2021-10-05,166.21114996929828,62378.1,62544.3111499693,20750,20655,20885,20340,0.0,20655,0,0
2931,2021-10-06,166.21114996929828,60822.8,60989.0111499693,20815,20140,20955,20080,0.0,20140,0,0
2932,2021-10-07,61228.388650066896,0.0,61228.388650066896,20220,20045,20230,19535,-1.0,20045,0,0
2933,2021-10-08,61228.388650066896,0.0,61228.388650066896,20280,20135,20340,20050,0.0,20135,0,0
2934,2021-10-12,61228.388650066896,0.0,61228.388650066896,20240,20615,20640,20240,0.0,20615,0,0
2935,2021-10-13,47.758650066898554,61178.4,61226.1586500669,20615,20880,20895,20560,1.0,20880,0,0
2936,2021-10-14,47.758650066898554,61940.200000000004,61987.9586500669,21120,21140,21170,20985,0.0,21140,0,0
2937,2021-10-15,47.758650066898554,61896.25,61944.0086500669,21140,21125,21275,21030,0.0,21125,0,0
2938,2021-10-18,47.758650066898554,61661.850000000006,61709.608650066904,21105,21045,21275,21030,0.0,21045,0,0
2939,2021-10-19,47.758650066898554,61691.15,61738.9086500669,21205,21055,21375,21030,0.0,21055,0,0
2940,2021-10-20,47.758650066898554,61134.450000000004,61182.2086500669,21270,20865,21270,20865,0.0,20865,0,0
2941,2021-10-21,47.758650066898554,60284.75,60332.5086500669,20865,20575,20865,20520,0.0,20575,0,0
2942,2021-10-22,47.758650066898554,60138.25,60186.0086500669,20575,20525,20650,20420,0.0,20525,0,0
2943,2021-10-25,47.758650066898554,60592.4,60640.1586500669,20450,20680,20690,20150,0.0,20680,0,0
2944,2021-10-26,61136.03520022889,0.0,61136.03520022889,20850,20685,20965,20655,-1.0,20685,0,0
2945,2021-10-27,61136.03520022889,0.0,61136.03520022889,20630,20400,20700,20315,0.0,20400,0,0
2946,2021-10-28,61136.03520022889,0.0,61136.03520022889,20405,20200,20435,20195,0.0,20200,0,0
2947,2021-10-29,61136.03520022889,0.0,61136.03520022889,20230,20015,20280,20010,0.0,20015,0,0
2948,2021-11-01,61136.03520022889,0.0,61136.03520022889,20085,19765,20090,19660,0.0,19765,0,0
2949,2021-11-02,61136.03520022889,0.0,61136.03520022889,19885,19955,20110,19885,0.0,19955,0,0
2950,2021-11-03,61136.03520022889,0.0,61136.03520022889,19945,19695,19945,19635,0.0,19695,0,0
2951,2021-11-04,61136.03520022889,0.0,61136.03520022889,19880,19550,19910,19480,0.0,19550,0,0
2952,2021-11-05,61136.03520022889,0.0,61136.03520022889,19670,19325,19670,19220,0.0,19325,0,0
2953,2021-11-08,61136.03520022889,0.0,61136.03520022889,19485,19365,19485,19120,0.0,19365,0,0
2954,2021-11-09,61136.03520022889,0.0,61136.03520022889,19365,19270,19380,19125,0.0,19270,0,0
2955,2021-11-10,61136.03520022889,0.0,61136.03520022889,19155,18680,19155,18625,0.0,18680,0,0
2956,2021-11-11,61136.03520022889,0.0,61136.03520022889,18560,18845,18880,18560,0.0,18845,0,0
2957,2021-11-12,61136.03520022889,0.0,61136.03520022889,19050,19300,19350,18995,0.0,19300,0,0
2958,2021-11-15,61136.03520022889,0.0,61136.03520022889,19385,19340,19385,19070,0.0,19340,0,0
2959,2021-11-16,61136.03520022889,0.0,61136.03520022889,19310,19180,19380,19145,0.0,19180,0,0
2960,2021-11-17,61136.03520022889,0.0,61136.03520022889,19305,18880,19305,18835,0.0,18880,0,0
2961,2021-11-18,61136.03520022889,0.0,61136.03520022889,18905,18935,18955,18645,0.0,18935,0,0
2962,2021-11-19,61136.03520022889,0.0,61136.03520022889,18970,18855,19050,18790,0.0,18855,0,0
2963,2021-11-22,61136.03520022889,0.0,61136.03520022889,18815,18875,18890,18670,0.0,18875,0,0
2964,2021-11-23,61136.03520022889,0.0,61136.03520022889,18875,18720,18955,18720,0.0,18720,0,0
2965,2021-11-24,61136.03520022889,0.0,61136.03520022889,18760,18930,18930,18760,0.0,18930,0,0
2966,2021-11-25,61136.03520022889,0.0,61136.03520022889,18930,18815,18930,18800,0.0,18815,0,0
2967,2021-11-26,61136.03520022889,0.0,61136.03520022889,18765,18290,18765,18255,0.0,18290,0,0
2968,2021-11-29,61136.03520022889,0.0,61136.03520022889,17745,18125,18220,17745,0.0,18125,0,0
2969,2021-11-30,61136.03520022889,0.0,61136.03520022889,18180,17555,18280,17545,0.0,17555,0,0
2970,2021-12-01,61136.03520022889,0.0,61136.03520022889,17710,18120,18120,17425,0.0,18120,0,0
2971,2021-12-02,61136.03520022889,0.0,61136.03520022889,17915,18170,18230,17895,0.0,18170,0,0
2972,2021-12-03,61136.03520022889,0.0,61136.03520022889,18190,18450,18495,18150,0.0,18450,0,0
2973,2021-12-06,61136.03520022889,0.0,61136.03520022889,18425,18575,18650,18200,0.0,18575,0,0
2974,2021-12-07,61136.03520022889,0.0,61136.03520022889,18695,18475,18725,18400,0.0,18475,0,0
2975,2021-12-08,61136.03520022889,0.0,61136.03520022889,18680,18805,18995,18680,0.0,18805,0,0
2976,2021-12-09,61136.03520022889,0.0,61136.03520022889,18920,18905,18990,18825,0.0,18905,0,0
2977,2021-12-10,61136.03520022889,0.0,61136.03520022889,18790,18870,18915,18695,0.0,18870,0,0
2978,2021-12-13,108.41520022889017,61025.4,61133.81520022889,18895,18835,19010,18800,1.0,18835,0,0
2979,2021-12-14,60370.221831684896,0.0,60370.221831684896,18600,18505,18655,18415,-1.0,18505,0,0
2980,2021-12-15,60370.221831684896,0.0,60370.221831684896,18420,18320,18470,18230,0.0,18320,0,0
2981,2021-12-16,60370.221831684896,0.0,60370.221831684896,18475,18650,18750,18475,0.0,18650,0,0
2982,2021-12-17,60370.221831684896,0.0,60370.221831684896,18535,18650,18830,18515,0.0,18650,0,0
2983,2021-12-20,60370.221831684896,0.0,60370.221831684896,18630,18150,18630,18130,0.0,18150,0,0
2984,2021-12-21,60370.221831684896,0.0,60370.221831684896,18225,18070,18225,17805,0.0,18070,0,0
2985,2021-12-22,60370.221831684896,0.0,60370.221831684896,18160,17845,18245,17840,0.0,17845,0,0
2986,2021-12-23,60370.221831684896,0.0,60370.221831684896,18025,18030,18100,17960,0.0,18030,0,0
2987,2021-12-24,60370.221831684896,0.0,60370.221831684896,18120,18235,18300,18120,0.0,18235,0,0
2988,2021-12-27,60370.221831684896,0.0,60370.221831684896,18245,18180,18380,18180,0.0,18180,0,0
2989,2021-12-28,60370.221831684896,0.0,60370.221831684896,18255,18400,18415,18140,0.0,18400,0,0
2990,2021-12-29,60370.221831684896,0.0,60370.221831684896,18520,18650,18685,18430,0.0,18650,0,0
2991,2021-12-30,60370.221831684896,0.0,60370.221831684896,18650,18555,18650,18430,0.0,18555,0,0
2992,2022-01-03,58.02183168489864,60309.99999999999,60368.02183168489,18565,18500,18670,18390,1.0,18500,0,0
2993,2022-01-04,58.02183168489864,61239.1,61297.1218316849,18580,18785,18810,18580,0.0,18785,0,0
2994,2022-01-05,58.02183168489864,60701.2,60759.221831684896,18805,18620,18860,18600,0.0,18620,0,0
2995,2022-01-06,58.02183168489864,60375.2,60433.221831684896,18340,18520,18705,18340,0.0,18520,0,0
2996,2022-01-07,58.02183168489864,62184.49999999999,62242.52183168489,18770,19075,19075,18645,0.0,19075,0,0
2997,2022-01-10,58.02183168489864,61565.1,61623.1218316849,19030,18885,19090,18720,0.0,18885,0,0
2998,2022-01-11,58.02183168489864,60831.6,60889.6218316849,18860,18660,18900,18445,0.0,18660,0,0
2999,2022-01-12,58.02183168489864,63406.99999999999,63465.02183168489,18880,19450,19450,18880,0.0,19450,0,0
3000,2022-01-13,58.02183168489864,63178.799999999996,63236.821831684894,19535,19380,19585,19355,0.0,19380,0,0
3001,2022-01-14,58.02183168489864,62021.49999999999,62079.52183168489,19305,19025,19305,18990,0.0,19025,0,0
3002,2022-01-17,58.02183168489864,61287.99999999999,61346.02183168489,19015,18800,19165,18700,0.0,18800,0,0
3003,2022-01-18,58.02183168489864,60896.799999999996,60954.821831684894,18910,18680,19035,18675,0.0,18680,0,0
3004,2022-01-19,58.02183168489864,59772.1,59830.1218316849,18520,18335,18750,18200,0.0,18335,0,0
3005,2022-01-20,58.02183168489864,60798.99999999999,60857.02183168489,18330,18650,18655,18330,0.0,18650,0,0
3006,2022-01-21,60447.32382265089,0.0,60447.32382265089,18525,18285,18525,18130,-1.0,18285,0,0
3007,2022-01-24,60447.32382265089,0.0,60447.32382265089,18120,17810,18155,17710,0.0,17810,0,0
3008,2022-01-25,60447.32382265089,0.0,60447.32382265089,17785,17135,17820,17005,0.0,17135,0,0
3009,2022-01-26,60447.32382265089,0.0,60447.32382265089,17280,17055,17410,17055,0.0,17055,0,0
3010,2022-01-27,60447.32382265089,0.0,60447.32382265089,17070,16145,17230,16145,0.0,16145,0,0
3011,2022-01-28,60447.32382265089,0.0,60447.32382265089,16130,16380,16435,15730,0.0,16380,0,0
3012,2022-02-03,60447.32382265089,0.0,60447.32382265089,16765,16725,16900,16660,0.0,16725,0,0
3013,2022-02-04,60447.32382265089,0.0,60447.32382265089,16725,17100,17100,16720,0.0,17100,0,0
3014,2022-02-07,60447.32382265089,0.0,60447.32382265089,17190,16820,17190,16725,0.0,16820,0,0
3015,2022-02-08,60447.32382265089,0.0,60447.32382265089,16890,16655,17045,16505,0.0,16655,0,0
3016,2022-02-09,60447.32382265089,0.0,60447.32382265089,16765,16945,16950,16670,0.0,16945,0,0
3017,2022-02-10,60447.32382265089,0.0,60447.32382265089,17025,17070,17135,16985,0.0,17070,0,0
3018,2022-02-11,60447.32382265089,0.0,60447.32382265089,16750,16720,16930,16685,0.0,16720,0,0
3019,2022-02-14,60447.32382265089,0.0,60447.32382265089,16485,16415,16605,16305,0.0,16415,0,0
3020,2022-02-15,60447.32382265089,0.0,60447.32382265089,16425,16060,16440,16020,0.0,16060,0,0
3021,2022-02-16,60447.32382265089,0.0,60447.32382265089,16395,16585,16620,16335,0.0,16585,0,0
3022,2022-02-17,60447.32382265089,0.0,60447.32382265089,16630,16615,16915,16430,0.0,16615,0,0
3023,2022-02-18,60447.32382265089,0.0,60447.32382265089,16360,16660,16750,16360,0.0,16660,0,0
3024,2022-02-21,60447.32382265089,0.0,60447.32382265089,16365,16550,16585,16235,0.0,16550,0,0
3025,2022-02-22,60447.32382265089,0.0,60447.32382265089,16255,16160,16370,16105,0.0,16160,0,0
3026,2022-02-23,60447.32382265089,0.0,60447.32382265089,16250,16325,16370,16200,0.0,16325,0,0
3027,2022-02-24,60447.32382265089,0.0,60447.32382265089,16105,15785,16220,15740,0.0,15785,0,0
3028,2022-02-25,60447.32382265089,0.0,60447.32382265089,16015,16185,16215,15995,0.0,16185,0,0
3029,2022-02-28,60447.32382265089,0.0,60447.32382265089,16145,16345,16345,16060,0.0,16345,0,0
3030,2022-03-02,60447.32382265089,0.0,60447.32382265089,16435,16610,16650,16400,0.0,16610,0,0
3031,2022-03-03,60447.32382265089,0.0,60447.32382265089,16850,16735,16885,16665,0.0,16735,0,0
3032,2022-03-04,60447.32382265089,0.0,60447.32382265089,16680,16470,16680,16410,0.0,16470,0,0
3033,2022-03-07,60447.32382265089,0.0,60447.32382265089,16360,16060,16370,15950,0.0,16060,0,0
3034,2022-03-08,60447.32382265089,0.0,60447.32382265089,15825,15695,16030,15695,0.0,15695,0,0
3035,2022-03-10,60447.32382265089,0.0,60447.32382265089,16000,15885,16040,15785,0.0,15885,0,0
3036,2022-03-11,60447.32382265089,0.0,60447.32382265089,15885,15615,15910,15520,0.0,15615,0,0
3037,2022-03-14,60447.32382265089,0.0,60447.32382265089,15590,15400,15590,15375,0.0,15400,0,0
3038,2022-03-15,60447.32382265089,0.0,60447.32382265089,15265,15040,15300,15030,0.0,15040,0,0
3039,2022-03-16,60447.32382265089,0.0,60447.32382265089,15255,15435,15435,15185,0.0,15435,0,0
3040,2022-03-17,60447.32382265089,0.0,60447.32382265089,15760,15820,15880,15760,0.0,15820,0,0
3041,2022-03-18,60447.32382265089,0.0,60447.32382265089,15900,16000,16000,15820,0.0,16000,0,0
3042,2022-03-21,60447.32382265089,0.0,60447.32382265089,16075,16110,16235,16060,0.0,16110,0,0
3043,2022-03-22,60447.32382265089,0.0,60447.32382265089,16140,16245,16300,16140,0.0,16245,0,0
3044,2022-03-23,147.03382265089022,60298.1,60445.13382265089,16405,16430,16460,16290,1.0,16430,0,0
3045,2022-03-24,147.03382265089022,60720.15,60867.18382265089,16430,16545,16575,16370,0.0,16545,0,0
3046,2022-03-25,147.03382265089022,60573.35,60720.38382265089,16680,16505,16680,16445,0.0,16505,0,0
3047,2022-03-28,147.03382265089022,60811.9,60958.93382265089,16495,16570,16590,16340,0.0,16570,0,0
3048,2022-03-29,147.03382265089022,61013.75,61160.78382265089,16620,16625,16725,16580,0.0,16625,0,0
3049,2022-03-30,147.03382265089022,60977.049999999996,61124.083822650886,16710,16615,16730,16580,0.0,16615,0,0
3050,2022-03-31,147.03382265089022,62279.9,62426.93382265089,16615,16970,16975,16615,0.0,16970,0,0
3051,2022-04-01,147.03382265089022,61766.1,61913.13382265089,16895,16830,17020,16785,0.0,16830,0,0
3052,2022-04-04,147.03382265089022,62279.9,62426.93382265089,16780,16970,16975,16700,0.0,16970,0,0
3053,2022-04-05,147.03382265089022,62481.75,62628.78382265089,17150,17025,17150,17010,0.0,17025,0,0
3054,2022-04-06,147.03382265089022,61545.9,61692.93382265089,16840,16770,16915,16750,0.0,16770,0,0
3055,2022-04-07,147.03382265089022,60243.049999999996,60390.083822650886,16590,16415,16595,16415,0.0,16415,0,0
3056,2022-04-08,147.03382265089022,61399.1,61546.13382265089,16450,16730,16735,16450,0.0,16730,0,0
3057,2022-04-11,147.03382265089022,60922.0,61069.03382265089,16585,16600,16860,16535,0.0,16600,0,0
3058,2022-04-12,147.03382265089022,60096.25,60243.28382265089,16350,16375,16415,16215,0.0,16375,0,0
3059,2022-04-13,147.03382265089022,61123.85,61270.88382265089,16405,16655,16655,16375,0.0,16655,0,0
3060,2022-04-14,147.03382265089022,61325.7,61472.73382265089,16650,16710,16750,16615,0.0,16710,0,0
3061,2022-04-15,147.03382265089022,60518.299999999996,60665.333822650886,16515,16490,16580,16435,0.0,16490,0,0
3062,2022-04-18,147.03382265089022,60444.9,60591.93382265089,16430,16470,16490,16385,0.0,16470,0,0
3063,2022-04-19,147.03382265089022,60977.049999999996,61124.083822650886,16505,16615,16620,16505,0.0,16615,0,0
3064,2022-04-20,147.03382265089022,60903.65,61050.68382265089,16615,16595,16645,16465,0.0,16595,0,0
3065,2022-04-21,147.03382265089022,61454.15,61601.18382265089,16640,16745,16805,16610,0.0,16745,0,0
3066,2022-04-22,147.03382265089022,60701.799999999996,60848.833822650886,16560,16540,16595,16470,0.0,16540,0,0
3067,2022-04-25,59635.56859913369,0.0,59635.56859913369,16210,16295,16405,16210,-1.0,16295,0,0
3068,2022-04-26,59635.56859913369,0.0,59635.56859913369,16350,16210,16390,16210,0.0,16210,0,0
3069,2022-04-27,59635.56859913369,0.0,59635.56859913369,15825,16050,16050,15805,0.0,16050,0,0
3070,2022-04-28,59635.56859913369,0.0,59635.56859913369,15975,16085,16145,15840,0.0,16085,0,0
3071,2022-04-29,59635.56859913369,0.0,59635.56859913369,16210,16245,16405,16170,0.0,16245,0,0
3072,2022-05-02,59635.56859913369,0.0,59635.56859913369,16030,16295,16295,16030,0.0,16295,0,0
3073,2022-05-03,59635.56859913369,0.0,59635.56859913369,16270,16275,16380,16245,0.0,16275,0,0
3074,2022-05-04,59635.56859913369,0.0,59635.56859913369,16305,16390,16495,16305,0.0,16390,0,0
3075,2022-05-06,59635.56859913369,0.0,59635.56859913369,16270,16390,16420,16215,0.0,16390,0,0
3076,2022-05-09,59635.56859913369,0.0,59635.56859913369,16295,16020,16315,16000,0.0,16020,0,0
3077,2022-05-10,59635.56859913369,0.0,59635.56859913369,15665,15825,15890,15530,0.0,15825,0,0
3078,2022-05-11,59635.56859913369,0.0,59635.56859913369,15795,15920,15925,15740,0.0,15920,0,0
3079,2022-05-12,59635.56859913369,0.0,59635.56859913369,15800,15550,15915,15515,0.0,15550,0,0
3080,2022-05-13,59635.56859913369,0.0,59635.56859913369,15735,16025,16025,15735,0.0,16025,0,0
3081,2022-05-16,59635.56859913369,0.0,59635.56859913369,16135,15990,16250,15945,0.0,15990,0,0
3082,2022-05-17,59635.56859913369,0.0,59635.56859913369,15990,16295,16295,15990,0.0,16295,0,0
3083,2022-05-18,59635.56859913369,0.0,59635.56859913369,16460,16380,16575,16345,0.0,16380,0,0
3084,2022-05-19,59635.56859913369,0.0,59635.56859913369,15925,16200,16290,15925,0.0,16200,0,0
3085,2022-05-20,3.398599133688549,59630.0,59633.39859913369,16365,16750,16750,16365,1.0,16750,0,0
3086,2022-05-23,3.398599133688549,59202.8,59206.19859913369,16780,16630,16835,16575,0.0,16630,0,0
3087,2022-05-24,3.398599133688549,57796.6,57799.99859913369,16590,16235,16645,16235,0.0,16235,0,0
3088,2022-05-25,3.398599133688549,58241.6,58244.99859913369,16405,16360,16530,16330,0.0,16360,0,0
3089,2022-05-26,3.398599133688549,59185.0,59188.39859913369,16445,16625,16775,16445,0.0,16625,0,0
3090,2022-05-27,3.398599133688549,59968.200000000004,59971.59859913369,16795,16845,16980,16775,0.0,16845,0,0
3091,2022-05-30,3.398599133688549,60929.4,60932.79859913369,17025,17115,17150,16930,0.0,17115,0,0
3092,2022-05-31,3.398599133688549,62300.0,62303.39859913369,17135,17500,17500,17135,0.0,17500,0,0
3093,2022-06-02,3.398599133688549,61677.0,61680.39859913369,17470,17325,17500,17270,0.0,17325,0,0
3094,2022-06-03,3.398599133688549,62780.6,62783.99859913369,17470,17635,17670,17450,0.0,17635,0,0
3095,2022-06-07,3.398599133688549,62228.8,62232.19859913369,17690,17480,17750,17435,0.0,17480,0,0
3096,2022-06-08,3.398599133688549,62798.4,62801.79859913369,17615,17640,17735,17535,0.0,17640,0,0
3097,2022-06-09,3.398599133688549,63403.6,63406.99859913369,17645,17810,17815,17600,0.0,17810,0,0
3098,2022-06-10,3.398599133688549,63243.4,63246.79859913369,17680,17765,17785,17580,0.0,17765,0,0
3099,2022-06-13,3.398599133688549,61036.200000000004,61039.59859913369,17355,17145,17465,17110,0.0,17145,0,0
3100,2022-06-14,3.398599133688549,60342.0,60345.39859913369,16845,16950,17065,16690,0.0,16950,0,0
3101,2022-06-15,3.398599133688549,58953.6,58956.99859913369,16925,16560,16925,16480,0.0,16560,0,0
3102,2022-06-16,3.398599133688549,59238.4,59241.79859913369,16785,16640,16955,16590,0.0,16640,0,0
3103,2022-06-17,57975.888555592086,0.0,57975.888555592086,16285,16755,16870,16200,-1.0,16755,0,0
3104,2022-06-20,57975.888555592086,0.0,57975.888555592086,16775,16380,16815,16280,0.0,16380,0,0
3105,2022-06-21,57975.888555592086,0.0,57975.888555592086,16550,16335,16600,16310,0.0,16335,0,0
3106,2022-06-22,57975.888555592086,0.0,57975.888555592086,16500,15665,16500,15665,0.0,15665,0,0
3107,2022-06-23,57975.888555592086,0.0,57975.888555592086,15665,15250,15845,15250,0.0,15250,0,0
3108,2022-06-24,57975.888555592086,0.0,57975.888555592086,15285,15560,15605,15185,0.0,15560,0,0
3109,2022-06-27,57975.888555592086,0.0,57975.888555592086,15620,15715,15740,15480,0.0,15715,0,0
3110,2022-06-28,57975.888555592086,0.0,57975.888555592086,15775,16040,16090,15750,0.0,16040,0,0
3111,2022-06-29,57975.888555592086,0.0,57975.888555592086,15815,15700,15965,15670,0.0,15700,0,0
3112,2022-06-30,57975.888555592086,0.0,57975.888555592086,15695,15120,15695,15120,0.0,15120,0,0
3113,2022-07-01,57975.888555592086,0.0,57975.888555592086,15145,14785,15325,14695,0.0,14785,0,0
3114,2022-07-04,57975.888555592086,0.0,57975.888555592086,14795,14565,14800,14355,0.0,14565,0,0
3115,2022-07-05,57975.888555592086,0.0,57975.888555592086,14630,14985,15005,14610,0.0,14985,0,0
3116,2022-07-06,57975.888555592086,0.0,57975.888555592086,14665,14250,14665,14220,0.0,14250,0,0
3117,2022-07-07,57975.888555592086,0.0,57975.888555592086,14370,14480,14570,14315,0.0,14480,0,0
3118,2022-07-08,57975.888555592086,0.0,57975.888555592086,14830,14620,14875,14620,0.0,14620,0,0
3119,2022-07-11,57975.888555592086,0.0,57975.888555592086,14620,14315,14620,14240,0.0,14315,0,0
3120,2022-07-12,57975.888555592086,0.0,57975.888555592086,14245,13975,14260,13885,0.0,13975,0,0
3121,2022-07-13,57975.888555592086,0.0,57975.888555592086,13945,14045,14045,13755,0.0,14045,0,0
3122,2022-07-14,57975.888555592086,0.0,57975.888555592086,14035,14215,14300,13970,0.0,14215,0,0
3123,2022-07-15,57975.888555592086,0.0,57975.888555592086,14230,14000,14230,13800,0.0,14000,0,0
3124,2022-07-18,57975.888555592086,0.0,57975.888555592086,14130,14200,14205,13950,0.0,14200,0,0
3125,2022-07-19,57975.888555592086,0.0,57975.888555592086,14260,14390,14390,14260,0.0,14390,0,0
3126,2022-07-20,57975.888555592086,0.0,57975.888555592086,14630,14600,14715,14505,0.0,14600,0,0
3127,2022-07-21,57975.888555592086,0.0,57975.888555592086,14635,14835,14855,14620,0.0,14835,0,0
3128,2022-07-22,57975.888555592086,0.0,57975.888555592086,14795,14695,14945,14660,0.0,14695,0,0
3129,2022-07-25,57975.888555592086,0.0,57975.888555592086,14615,14760,14810,14560,0.0,14760,0,0
3130,2022-07-26,57975.888555592086,0.0,57975.888555592086,14760,14890,14900,14630,0.0,14890,0,0
3131,2022-07-27,57975.888555592086,0.0,57975.888555592086,14870,14855,14875,14760,0.0,14855,0,0
3132,2022-07-28,101.97855559208256,57871.799999999996,57973.77855559208,15095,15310,15310,14910,1.0,15310,0,0
3133,2022-07-29,101.97855559208256,58684.5,58786.47855559208,15425,15525,15580,15425,0.0,15525,0,0
3134,2022-08-01,101.97855559208256,59364.899999999994,59466.87855559208,15660,15705,15860,15605,0.0,15705,0,0
3135,2022-08-02,101.97855559208256,58684.5,58786.47855559208,15705,15525,15705,15440,0.0,15525,0,0
3136,2022-08-03,101.97855559208256,59175.899999999994,59277.87855559208,15510,15655,15655,15390,0.0,15655,0,0
3137,2022-08-04,101.97855559208256,58608.899999999994,58710.87855559208,15690,15505,15690,15470,0.0,15505,0,0
3138,2022-08-05,101.97855559208256,59950.799999999996,60052.77855559208,15540,15860,15910,15540,0.0,15860,0,0
3139,2022-08-08,101.97855559208256,60612.299999999996,60714.27855559208,15850,16035,16035,15770,0.0,16035,0,0
3140,2022-08-09,101.97855559208256,60801.299999999996,60903.27855559208,16105,16085,16165,15945,0.0,16085,0,0
3141,2022-08-10,101.97855559208256,60328.799999999996,60430.77855559208,16045,15960,16190,15940,0.0,15960,0,0
3142,2022-08-11,101.97855559208256,61803.0,61904.97855559208,16145,16350,16375,16145,0.0,16350,0,0
3143,2022-08-12,101.97855559208256,62218.799999999996,62320.77855559208,16360,16460,16465,16280,0.0,16460,0,0
3144,2022-08-16,101.97855559208256,62861.399999999994,62963.37855559208,16540,16630,16790,16505,0.0,16630,0,0
3145,2022-08-17,101.97855559208256,62691.299999999996,62793.27855559208,16635,16585,16805,16535,0.0,16585,0,0
3146,2022-08-18,101.97855559208256,62615.7,62717.67855559208,16480,16565,16605,16445,0.0,16565,0,0
3147,2022-08-19,101.97855559208256,61481.7,61583.67855559208,16600,16265,16650,16265,0.0,16265,0,0
3148,2022-08-22,101.97855559208256,61084.799999999996,61186.77855559208,16135,16160,16315,16015,0.0,16160,0,0
3149,2022-08-23,101.97855559208256,60763.5,60865.47855559208,16085,16075,16235,16030,0.0,16075,0,0
3150,2022-08-24,101.97855559208256,61595.1,61697.07855559208,16185,16295,16385,16055,0.0,16295,0,0
3151,2022-08-25,101.97855559208256,61859.7,61961.67855559208,16405,16365,16410,16280,0.0,16365,0,0
3152,2022-08-26,101.97855559208256,61784.1,61886.07855559208,16385,16345,16540,16345,0.0,16345,0,0
3153,2022-08-29,101.97855559208256,60309.899999999994,60411.87855559208,15865,15955,16080,15865,0.0,15955,0,0
3154,2022-08-30,101.97855559208256,60763.5,60865.47855559208,16145,16075,16180,15880,0.0,16075,0,0
3155,2022-08-31,101.97855559208256,60876.899999999994,60978.87855559208,15855,16105,16145,15745,0.0,16105,0,0
3156,2022-09-01,60428.58282858728,0.0,60428.58282858728,15960,15655,15960,15655,-1.0,15655,0,0
3157,2022-09-02,60428.58282858728,0.0,60428.58282858728,15750,15590,15750,15525,0.0,15590,0,0
3158,2022-09-05,60428.58282858728,0.0,60428.58282858728,15590,15600,15760,15525,0.0,15600,0,0
3159,2022-09-06,60428.58282858728,0.0,60428.58282858728,15675,15885,15925,15675,0.0,15885,0,0
3160,2022-09-07,60428.58282858728,0.0,60428.58282858728,15795,15680,15795,15630,0.0,15680,0,0
3161,2022-09-08,60428.58282858728,0.0,60428.58282858728,15785,15955,15960,15785,0.0,15955,0,0
3162,2022-09-13,60428.58282858728,0.0,60428.58282858728,16200,16225,16225,16015,0.0,16225,0,0
3163,2022-09-14,60428.58282858728,0.0,60428.58282858728,15770,16030,16095,15770,0.0,16030,0,0
3164,2022-09-15,130.9428285872782,60295.45,60426.392828587275,16060,16165,16270,16060,1.0,16165,0,0
3165,2022-09-16,59603.628181946675,0.0,59603.628181946675,15945,15625,15955,15580,-1.0,15625,0,0
3166,2022-09-19,59603.628181946675,0.0,59603.628181946675,15620,15370,15660,15310,0.0,15370,0,0
3167,2022-09-20,59603.628181946675,0.0,59603.628181946675,15445,15340,15575,15295,0.0,15340,0,0
3168,2022-09-21,59603.628181946675,0.0,59603.628181946675,15235,15220,15305,15130,0.0,15220,0,0
3169,2022-09-22,59603.628181946675,0.0,59603.628181946675,15000,15250,15250,14920,0.0,15250,0,0
3170,2022-09-23,59603.628181946675,0.0,59603.628181946675,15190,14715,15190,14625,0.0,14715,0,0
3171,2022-09-26,59603.628181946675,0.0,59603.628181946675,14370,13940,14370,13905,0.0,13940,0,0
3172,2022-09-27,59603.628181946675,0.0,59603.628181946675,13895,13900,13965,13640,0.0,13900,0,0
3173,2022-09-28,59603.628181946675,0.0,59603.628181946675,13785,13375,13840,13305,0.0,13375,0,0
3174,2022-09-29,59603.628181946675,0.0,59603.628181946675,13585,13340,13775,13340,0.0,13340,0,0
3175,2022-09-30,59603.628181946675,0.0,59603.628181946675,13220,13205,13395,13145,0.0,13205,0,0
3176,2022-10-04,59603.628181946675,0.0,59603.628181946675,13465,13755,13755,13450,0.0,13755,0,0
3177,2022-10-05,59603.628181946675,0.0,59603.628181946675,14005,13835,14050,13720,0.0,13835,0,0
3178,2022-10-06,59603.628181946675,0.0,59603.628181946675,13920,14045,14085,13825,0.0,14045,0,0
3179,2022-10-07,59603.628181946675,0.0,59603.628181946675,13840,14110,14220,13840,0.0,14110,0,0
3180,2022-10-11,59603.628181946675,0.0,59603.628181946675,13800,13910,13915,13780,0.0,13910,0,0
3181,2022-10-12,59603.628181946675,0.0,59603.628181946675,13785,14125,14125,13730,0.0,14125,0,0
3182,2022-10-13,59603.628181946675,0.0,59603.628181946675,14105,13680,14105,13680,0.0,13680,0,0
3183,2022-10-14,59603.628181946675,0.0,59603.628181946675,13910,14070,14200,13910,0.0,14070,0,0
3184,2022-10-17,59603.628181946675,0.0,59603.628181946675,13770,14195,14195,13760,0.0,14195,0,0
3185,2022-10-18,59603.628181946675,0.0,59603.628181946675,14420,14600,14600,14310,0.0,14600,0,0
3186,2022-10-19,59603.628181946675,0.0,59603.628181946675,14460,14610,14805,14430,0.0,14610,0,0
3187,2022-10-20,59603.628181946675,0.0,59603.628181946675,14535,14240,14535,14100,0.0,14240,0,0
3188,2022-10-21,59603.628181946675,0.0,59603.628181946675,14260,14115,14270,14015,0.0,14115,0,0
3189,2022-10-24,59603.628181946675,0.0,59603.628181946675,14340,14130,14440,14095,0.0,14130,0,0
3190,2022-10-25,59603.628181946675,0.0,59603.628181946675,14095,13860,14095,13825,0.0,13860,0,0
3191,2022-10-26,59603.628181946675,0.0,59603.628181946675,13910,13935,14070,13880,0.0,13935,0,0
3192,2022-10-27,59603.628181946675,0.0,59603.628181946675,14065,14615,14615,14065,0.0,14615,0,0
3193,2022-10-28,10.158181946673722,59591.299999999996,59601.45818194667,14505,14570,14775,14505,1.0,14570,0,0
3194,2022-10-31,10.158181946673722,59938.95,59949.10818194667,14805,14655,14805,14510,0.0,14655,0,0
3195,2022-11-01,10.158181946673722,62699.7,62709.85818194667,14750,15330,15370,14750,0.0,15330,0,0
3196,2022-11-02,10.158181946673722,62495.2,62505.35818194667,15305,15280,15530,15190,0.0,15280,0,0
3197,2022-11-03,10.158181946673722,62945.1,62955.25818194667,14960,15390,15465,14960,0.0,15390,0,0
3198,2022-11-04,10.158181946673722,62597.45,62607.60818194667,15345,15305,15400,15160,0.0,15305,0,0
3199,2022-11-07,10.158181946673722,63660.85,63671.00818194667,15385,15565,15565,15375,0.0,15565,0,0
3200,2022-11-08,10.158181946673722,63783.549999999996,63793.70818194667,15610,15595,15715,15335,0.0,15595,0,0
3201,2022-11-09,10.158181946673722,64703.799999999996,64713.95818194667,15620,15820,15820,15550,0.0,15820,0,0
3202,2022-11-10,10.158181946673722,63722.2,63732.35818194667,15575,15580,15840,15575,0.0,15580,0,0
3203,2022-11-11,10.158181946673722,65746.75,65756.90818194667,16140,16075,16160,15900,0.0,16075,0,0
3204,2022-11-14,10.158181946673722,65930.8,65940.95818194668,16160,16120,16340,16120,0.0,16120,0,0
3205,2022-11-15,10.158181946673722,65869.45,65879.60818194668,16170,16105,16215,16000,0.0,16105,0,0
3206,2022-11-16,10.158181946673722,65603.59999999999,65613.75818194667,16065,16040,16070,15785,0.0,16040,0,0
3207,2022-11-17,10.158181946673722,64376.6,64386.75818194667,15960,15740,15995,15740,0.0,15740,0,0
3208,2022-11-18,10.158181946673722,64131.2,64141.35818194667,15740,15680,15960,15665,0.0,15680,0,0
3209,2022-11-21,10.158181946673722,63435.899999999994,63446.05818194667,15655,15510,15655,15385,0.0,15510,0,0
3210,2022-11-22,10.158181946673722,63006.45,63016.60818194667,15435,15405,15685,15380,0.0,15405,0,0
3211,2022-11-23,10.158181946673722,64028.95,64039.10818194667,15530,15655,15735,15510,0.0,15655,0,0
3212,2022-11-24,10.158181946673722,65317.299999999996,65327.45818194667,15825,15970,15970,15755,0.0,15970,0,0
3213,2022-11-25,10.158181946673722,65521.799999999996,65531.95818194667,15970,16020,16150,15930,0.0,16020,0,0
3214,2022-11-28,10.158181946673722,64622.0,64632.158181946674,15980,15800,15995,15770,0.0,15800,0,0
3215,2022-11-29,10.158181946673722,65296.85,65307.00818194667,15750,15965,15990,15690,0.0,15965,0,0
3216,2022-11-30,10.158181946673722,65808.09999999999,65818.25818194667,15890,16090,16115,15750,0.0,16090,0,0
3217,2022-12-01,10.158181946673722,65521.799999999996,65531.95818194667,16310,16020,16340,16015,0.0,16020,0,0
3218,2022-12-02,10.158181946673722,64253.899999999994,64264.05818194667,16015,15710,16015,15710,0.0,15710,0,0
3219,2022-12-05,10.158181946673722,63947.149999999994,63957.30818194667,15710,15635,15765,15570,0.0,15635,0,0
3220,2022-12-06,10.158181946673722,62945.1,62955.25818194667,15460,15390,15590,15330,0.0,15390,0,0
3221,2022-12-07,62359.938816734866,0.0,62359.938816734866,15245,15250,15445,15245,-1.0,15250,0,0
3222,2022-12-08,62359.938816734866,0.0,62359.938816734866,15210,15145,15265,15025,0.0,15145,0,0
3223,2022-12-09,62359.938816734866,0.0,62359.938816734866,15190,14890,15190,14845,0.0,14890,0,0
3224,2022-12-12,62359.938816734866,0.0,62359.938816734866,14790,14925,14945,14785,0.0,14925,0,0
3225,2022-12-13,62359.938816734866,0.0,62359.938816734866,14925,14890,15000,14820,0.0,14890,0,0
3226,2022-12-14,62359.938816734866,0.0,62359.938816734866,14995,15270,15270,14990,0.0,15270,0,0
3227,2022-12-15,62359.938816734866,0.0,62359.938816734866,15140,15030,15275,15020,0.0,15030,0,0
3228,2022-12-16,62359.938816734866,0.0,62359.938816734866,14750,14955,14960,14735,0.0,14955,0,0
3229,2022-12-19,62359.938816734866,0.0,62359.938816734866,14885,14850,14900,14770,0.0,14850,0,0
3230,2022-12-20,62359.938816734866,0.0,62359.938816734866,14800,14645,14820,14600,0.0,14645,0,0
3231,2022-12-21,62359.938816734866,0.0,62359.938816734866,14695,14560,14705,14545,0.0,14560,0,0
3232,2022-12-22,62359.938816734866,0.0,62359.938816734866,14595,14795,14830,14595,0.0,14795,0,0
3233,2022-12-23,62359.938816734866,0.0,62359.938816734866,14645,14465,14665,14440,0.0,14465,0,0
3234,2022-12-26,62359.938816734866,0.0,62359.938816734866,14470,14595,14615,14400,0.0,14595,0,0
3235,2022-12-27,62359.938816734866,0.0,62359.938816734866,14595,14685,14750,14565,0.0,14685,0,0
3236,2022-12-28,62359.938816734866,0.0,62359.938816734866,14685,14430,14685,14410,0.0,14430,0,0
3237,2022-12-29,62359.938816734866,0.0,62359.938816734866,14430,14140,14430,14105,0.0,14140,0,0
3238,2023-01-02,62359.938816734866,0.0,62359.938816734866,14140,14050,14380,14040,0.0,14050,0,0
3239,2023-01-03,62359.938816734866,0.0,62359.938816734866,14145,14015,14145,13725,0.0,14015,0,0
3240,2023-01-04,62359.938816734866,0.0,62359.938816734866,13940,13960,14020,13650,0.0,13960,0,0
3241,2023-01-05,62359.938816734866,0.0,62359.938816734866,14095,13820,14095,13760,0.0,13820,0,0
3242,2023-01-06,62359.938816734866,0.0,62359.938816734866,13805,14040,14075,13680,0.0,14040,0,0
3243,2023-01-09,62359.938816734866,0.0,62359.938816734866,14110,14490,14500,14110,0.0,14490,0,0
3244,2023-01-10,62359.938816734866,0.0,62359.938816734866,14455,14530,14670,14455,0.0,14530,0,0
3245,2023-01-11,62359.938816734866,0.0,62359.938816734866,14535,14810,14850,14535,0.0,14810,0,0
3246,2023-01-12,103.26881673486787,62254.4,62357.66881673487,14940,14965,14990,14885,1.0,14965,0,0
3247,2023-01-13,103.26881673486787,62608.0,62711.26881673487,14935,15050,15130,14935,0.0,15050,0,0
3248,2023-01-16,103.26881673486787,62566.4,62669.66881673487,15145,15040,15150,14980,0.0,15040,0,0
3249,2023-01-17,103.26881673486787,61984.0,62087.26881673487,14970,14900,15090,14865,0.0,14900,0,0
3250,2023-01-18,103.26881673486787,61443.200000000004,61546.46881673487,14940,14770,14940,14735,0.0,14770,0,0
3251,2023-01-19,103.26881673486787,61796.8,61900.06881673487,14700,14855,14860,14700,0.0,14855,0,0
3252,2023-01-20,103.26881673486787,62171.200000000004,62274.46881673487,14780,14945,14950,14740,0.0,14945,0,0
3253,2023-01-25,103.26881673486787,63440.0,63543.26881673487,15065,15250,15290,15065,0.0,15250,0,0
3254,2023-01-26,103.26881673486787,64937.600000000006,65040.868816734874,15150,15610,15610,15140,0.0,15610,0,0
3255,2023-01-27,103.26881673486787,65249.600000000006,65352.868816734874,15670,15685,15800,15525,0.0,15685,0,0
3256,2023-01-30,103.26881673486787,64438.4,64541.66881673487,15620,15490,15765,15425,0.0,15490,0,0
3257,2023-01-31,103.26881673486787,64355.200000000004,64458.46881673487,15360,15470,15595,15360,0.0,15470,0,0
3258,2023-02-01,103.26881673486787,65270.4,65373.66881673487,15420,15690,15690,15420,0.0,15690,0,0
3259,2023-02-02,103.26881673486787,65707.2,65810.46881673486,15795,15795,15950,15720,0.0,15795,0,0
3260,2023-02-03,103.26881673486787,65374.4,65477.66881673487,15630,15715,15730,15565,0.0,15715,0,0
3261,2023-02-06,103.26881673486787,65228.8,65332.06881673487,15510,15680,15855,15510,0.0,15680,0,0
3262,2023-02-07,103.26881673486787,65977.6,66080.86881673487,15590,15860,15970,15590,0.0,15860,0,0
3263,2023-02-08,103.26881673486787,66019.2,66122.46881673486,15885,15870,15965,15850,0.0,15870,0,0
3264,2023-02-09,103.26881673486787,66892.8,66996.06881673487,15835,16080,16170,15790,0.0,16080,0,0
3265,2023-02-10,103.26881673486787,66185.6,66288.86881673487,15945,15910,16030,15855,0.0,15910,0,0
3266,2023-02-13,103.26881673486787,66622.40000000001,66725.66881673488,15910,16015,16080,15875,0.0,16015,0,0
3267,2023-02-14,103.26881673486787,66539.2,66642.46881673486,16025,15995,16100,15875,0.0,15995,0,0
3268,2023-02-15,103.26881673486787,65374.4,65477.66881673487,15995,15715,15995,15685,0.0,15715,0,0
3269,2023-02-16,103.26881673486787,68078.40000000001,68181.66881673488,15965,16365,16395,15875,0.0,16365,0,0
3270,2023-02-17,103.26881673486787,67142.40000000001,67245.66881673488,16195,16140,16345,16100,0.0,16140,0,0
3271,2023-02-20,103.26881673486787,66913.6,67016.86881673487,16140,16085,16140,15895,0.0,16085,0,0
3272,2023-02-21,103.26881673486787,68577.6,68680.86881673487,16070,16485,16485,16070,0.0,16485,0,0
3273,2023-02-22,103.26881673486787,66934.40000000001,67037.66881673488,16160,16090,16330,16020,0.0,16090,0,0
3274,2023-02-23,103.26881673486787,66788.8,66892.06881673487,16040,16055,16175,15880,0.0,16055,0,0
3275,2023-02-24,103.26881673486787,66352.0,66455.26881673487,16055,15950,16200,15950,0.0,15950,0,0
3276,2023-02-27,103.26881673486787,66456.0,66559.26881673487,15805,15975,16020,15720,0.0,15975,0,0
3277,2023-02-28,103.26881673486787,66892.8,66996.06881673487,15955,16080,16210,15955,0.0,16080,0,0
3278,2023-03-02,103.26881673486787,67995.2,68098.46881673486,16160,16345,16500,16160,0.0,16345,0,0
3279,2023-03-03,103.26881673486787,69638.40000000001,69741.66881673488,16440,16740,16740,16440,0.0,16740,0,0
3280,2023-03-06,103.26881673486787,70699.2,70802.46881673486,16935,16995,17000,16740,0.0,16995,0,0
3281,2023-03-07,103.26881673486787,70990.40000000001,71093.66881673488,16995,17065,17270,16895,0.0,17065,0,0
3282,2023-03-08,103.26881673486787,69908.8,70012.06881673487,16775,16805,16985,16730,0.0,16805,0,0
3283,2023-03-09,103.26881673486787,69097.6,69200.86881673487,16830,16610,16895,16485,0.0,16610,0,0
3284,2023-03-10,103.26881673486787,68369.6,68472.86881673487,16430,16435,16560,16215,0.0,16435,0,0
3285,2023-03-13,103.26881673486787,70075.2,70178.46881673486,16340,16845,16845,16340,0.0,16845,0,0
3286,2023-03-14,103.26881673486787,68411.2,68514.46881673486,16685,16445,16835,16350,0.0,16445,0,0
3287,2023-03-15,103.26881673486787,70324.8,70428.06881673487,16730,16905,17000,16685,0.0,16905,0,0
3288,2023-03-16,103.26881673486787,69867.2,69970.46881673486,16905,16795,16905,16550,0.0,16795,0,0
3289,2023-03-17,103.26881673486787,68411.2,68514.46881673486,17075,16445,17075,16370,0.0,16445,0,0
3290,2023-03-20,103.26881673486787,68120.0,68223.26881673487,16245,16375,16615,16190,0.0,16375,0,0
3291,2023-03-21,103.26881673486787,68390.40000000001,68493.66881673488,16435,16440,16520,16345,0.0,16440,0,0
3292,2023-03-22,103.26881673486787,70054.40000000001,70157.66881673488,16575,16840,16865,16575,0.0,16840,0,0
3293,2023-03-23,103.26881673486787,70200.0,70303.26881673487,16675,16875,17165,16635,0.0,16875,0,0
3294,2023-03-24,103.26881673486787,69659.2,69762.46881673486,16970,16745,17000,16540,0.0,16745,0,0
3295,2023-03-27,103.26881673486787,70075.2,70178.46881673486,16760,16845,16970,16730,0.0,16845,0,0
3296,2023-03-28,103.26881673486787,70428.8,70532.06881673487,16845,16930,16960,16695,0.0,16930,0,0
3297,2023-03-29,103.26881673486787,72488.0,72591.26881673487,16930,17425,17425,16930,0.0,17425,0,0
3298,2023-03-30,103.26881673486787,73964.8,74068.06881673487,17425,17780,17945,17335,0.0,17780,0,0
3299,2023-03-31,103.26881673486787,74318.40000000001,74421.66881673488,17695,17865,17950,17645,0.0,17865,0,0
3300,2023-04-03,103.26881673486787,74089.6,74192.86881673487,17960,17810,18000,17770,0.0,17810,0,0
3301,2023-04-04,103.26881673486787,73840.0,73943.26881673487,17985,17750,18220,17720,0.0,17750,0,0
3302,2023-04-05,103.26881673486787,74713.6,74816.86881673487,17725,17960,17965,17725,0.0,17960,0,0
3303,2023-04-06,103.26881673486787,73840.0,73943.26881673487,17805,17750,17960,17690,0.0,17750,0,0
3304,2023-04-07,103.26881673486787,75940.8,76044.06881673487,17755,18255,18255,17750,0.0,18255,0,0
3305,2023-04-10,103.26881673486787,80496.0,80599.26881673487,18395,19350,19490,18395,0.0,19350,0,0
3306,2023-04-11,103.26881673486787,82825.6,82928.86881673487,19650,19910,20110,19370,0.0,19910,0,0
3307,2023-04-12,103.26881673486787,78790.40000000001,78893.66881673488,19775,18940,19850,18910,0.0,18940,0,0
3308,2023-04-13,103.26881673486787,78603.2,78706.46881673486,18630,18895,19175,18345,0.0,18895,0,0
3309,2023-04-14,103.26881673486787,79081.6,79184.86881673487,19110,19010,19245,18735,0.0,19010,0,0
3310,2023-04-17,103.26881673486787,79206.40000000001,79309.66881673488,18885,19040,19150,18010,0.0,19040,0,0
3311,2023-04-18,103.26881673486787,79955.2,80058.46881673486,19120,19220,19250,18940,0.0,19220,0,0
3312,2023-04-19,103.26881673486787,78769.6,78872.86881673487,19245,18935,19245,18935,0.0,18935,0,0
3313,2023-04-20,103.26881673486787,77688.0,77791.26881673487,18750,18675,18970,18615,0.0,18675,0,0
3314,2023-04-21,103.26881673486787,76294.40000000001,76397.66881673488,18645,18340,18645,18225,0.0,18340,0,0
3315,2023-04-24,103.26881673486787,76336.0,76439.26881673487,18225,18350,18600,18225,0.0,18350,0,0
3316,2023-04-25,103.26881673486787,74817.6,74920.86881673487,18360,17985,18460,17785,0.0,17985,0,0
3317,2023-04-26,74564.55862499087,0.0,74564.55862499087,17900,17815,18100,17810,-1.0,17815,0,0
3318,2023-04-27,74564.55862499087,0.0,74564.55862499087,17600,18145,18200,17470,0.0,18145,0,0
3319,2023-04-28,74564.55862499087,0.0,74564.55862499087,18395,18105,18585,17945,0.0,18105,0,0
3320,2023-05-02,74564.55862499087,0.0,74564.55862499087,18230,18325,18550,18170,0.0,18325,0,0
3321,2023-05-03,74564.55862499087,0.0,74564.55862499087,18320,17795,18320,17795,0.0,17795,0,0
3322,2023-05-04,74564.55862499087,0.0,74564.55862499087,17795,17930,18010,17650,0.0,17930,0,0
3323,2023-05-08,74564.55862499087,0.0,74564.55862499087,18045,17830,18225,17830,0.0,17830,0,0
3324,2023-05-09,74564.55862499087,0.0,74564.55862499087,17830,17665,17920,17455,0.0,17665,0,0
3325,2023-05-10,74564.55862499087,0.0,74564.55862499087,17595,17355,17675,17215,0.0,17355,0,0
3326,2023-05-11,74564.55862499087,0.0,74564.55862499087,17360,17095,17570,17030,0.0,17095,0,0
3327,2023-05-12,74564.55862499087,0.0,74564.55862499087,17025,16955,17095,16905,0.0,16955,0,0
3328,2023-05-15,74564.55862499087,0.0,74564.55862499087,16865,16805,16865,16595,0.0,16805,0,0
3329,2023-05-16,74564.55862499087,0.0,74564.55862499087,16995,16975,17130,16860,0.0,16975,0,0
3330,2023-05-17,74564.55862499087,0.0,74564.55862499087,16975,17340,17380,16930,0.0,17340,0,0
3331,2023-05-18,74564.55862499087,0.0,74564.55862499087,17380,17315,17450,17270,0.0,17315,0,0
3332,2023-05-19,74564.55862499087,0.0,74564.55862499087,17300,17080,17450,17080,0.0,17080,0,0
3333,2023-05-22,74564.55862499087,0.0,74564.55862499087,17005,17395,17460,17005,0.0,17395,0,0
3334,2023-05-23,74564.55862499087,0.0,74564.55862499087,17425,17585,17840,17425,0.0,17585,0,0
3335,2023-05-24,74564.55862499087,0.0,74564.55862499087,17590,17620,17685,17525,0.0,17620,0,0
3336,2023-05-25,74564.55862499087,0.0,74564.55862499087,17635,17385,17635,17365,0.0,17385,0,0
3337,2023-05-26,74564.55862499087,0.0,74564.55862499087,17385,17255,17435,17130,0.0,17255,0,0
3338,2023-05-30,74564.55862499087,0.0,74564.55862499087,17305,17360,17445,17235,0.0,17360,0,0
3339,2023-05-31,74564.55862499087,0.0,74564.55862499087,17270,17265,17485,17265,0.0,17265,0,0
3340,2023-06-01,74564.55862499087,0.0,74564.55862499087,17285,17350,17490,17275,0.0,17350,0,0
3341,2023-06-02,74564.55862499087,0.0,74564.55862499087,17340,17830,17835,17340,0.0,17830,0,0
3342,2023-06-05,103.94862499086594,74457.9,74561.84862499086,17865,17985,18040,17860,1.0,17985,0,0
3343,2023-06-07,103.94862499086594,77024.7,77128.64862499086,17985,18605,18640,17985,0.0,18605,0,0
3344,2023-06-08,103.94862499086594,76631.4,76735.34862499086,18520,18510,18850,18410,0.0,18510,0,0
3345,2023-06-09,103.94862499086594,77604.29999999999,77708.24862499085,18700,18745,18835,18610,0.0,18745,0,0
3346,2023-06-12,103.94862499086594,77583.59999999999,77687.54862499086,18750,18740,18900,18690,0.0,18740,0,0
3347,2023-06-13,103.94862499086594,78121.79999999999,78225.74862499085,18825,18870,18980,18710,0.0,18870,0,0
3348,2023-06-14,103.94862499086594,75824.09999999999,75928.04862499086,18940,18315,19165,18265,0.0,18315,0,0
3349,2023-06-15,103.94862499086594,76196.7,76300.64862499086,18410,18405,18675,18200,0.0,18405,0,0
3350,2023-06-16,103.94862499086594,77562.9,77666.84862499086,18475,18735,18735,18415,0.0,18735,0,0
3351,2023-06-19,103.94862499086594,78660.0,78763.94862499087,18660,19000,19035,18570,0.0,19000,0,0
3352,2023-06-20,103.94862499086594,78225.29999999999,78329.24862499085,18880,18895,19195,18845,0.0,18895,0,0
3353,2023-06-21,103.94862499086594,76941.9,77045.84862499086,18815,18585,18885,18565,0.0,18585,0,0
3354,2023-06-22,103.94862499086594,77418.0,77521.94862499087,18460,18700,18720,18435,0.0,18700,0,0
3355,2023-06-23,103.94862499086594,76300.2,76404.14862499086,18700,18430,18840,18430,0.0,18430,0,0
3356,2023-06-26,103.94862499086594,75637.79999999999,75741.74862499085,18350,18270,18360,18245,0.0,18270,0,0
3357,2023-06-27,103.94862499086594,74830.5,74934.44862499087,18175,18075,18265,17950,0.0,18075,0,0
3358,2023-06-28,75221.51454655205,0.0,75221.51454655205,18145,17495,18145,17495,-1.0,17495,0,0
3359,2023-06-29,75221.51454655205,0.0,75221.51454655205,17590,17410,17765,17410,0.0,17410,0,0
3360,2023-06-30,75221.51454655205,0.0,75221.51454655205,17430,17755,17820,17405,0.0,17755,0,0
3361,2023-07-03,75221.51454655205,0.0,75221.51454655205,17885,18705,18810,17885,0.0,18705,0,0
3362,2023-07-04,75221.51454655205,0.0,75221.51454655205,18900,18480,18900,18325,0.0,18480,0,0
3363,2023-07-05,44.77454655204201,75173.99999999999,75218.77454655203,18480,18700,18815,18420,1.0,18700,0,0
3364,2023-07-06,44.77454655204201,73887.59999999999,73932.37454655203,18650,18380,18740,18365,0.0,18380,0,0
3365,2023-07-07,44.77454655204201,74168.99999999999,74213.77454655203,18430,18450,18475,18180,0.0,18450,0,0
3366,2023-07-10,44.77454655204201,74028.29999999999,74073.07454655203,18645,18415,18645,18295,0.0,18415,0,0
3367,2023-07-11,44.77454655204201,74771.99999999999,74816.77454655203,18395,18600,18675,18395,0.0,18600,0,0
3368,2023-07-12,44.77454655204201,74209.2,74253.97454655204,18490,18460,18690,18390,0.0,18460,0,0
3369,2023-07-13,44.77454655204201,75354.9,75399.67454655204,18355,18745,18995,18355,0.0,18745,0,0
3370,2023-07-14,44.77454655204201,76219.2,76263.97454655204,18795,18960,18960,18700,0.0,18960,0,0
3371,2023-07-17,44.77454655204201,75977.99999999999,76022.77454655203,18925,18900,19005,18830,0.0,18900,0,0
3372,2023-07-18,44.77454655204201,78872.4,78917.17454655204,19015,19620,19700,19015,0.0,19620,0,0
3373,2023-07-19,44.77454655204201,78671.4,78716.17454655204,19575,19570,19620,19360,0.0,19570,0,0
3374,2023-07-20,44.77454655204201,78731.7,78776.47454655204,19570,19585,19810,19400,0.0,19585,0,0
3375,2023-07-21,44.77454655204201,79776.9,79821.67454655204,19105,19845,20055,19105,0.0,19845,0,0
3376,2023-07-24,44.77454655204201,81907.49999999999,81952.27454655203,19860,20375,20500,19845,0.0,20375,0,0
3377,2023-07-25,44.77454655204201,84741.59999999999,84786.37454655203,20415,21080,21220,20235,0.0,21080,0,0
3378,2023-07-26,44.77454655204201,82852.2,82896.97454655204,21170,20610,22840,20115,0.0,20610,0,0
3379,2023-07-27,44.77454655204201,75374.99999999999,75419.77454655203,20385,18750,20530,18660,0.0,18750,0,0
3380,2023-07-28,44.77454655204201,77485.49999999999,77530.27454655203,18320,19275,19350,18320,0.0,19275,0,0
3381,2023-07-31,44.77454655204201,81203.99999999999,81248.77454655203,19655,20200,20350,19655,0.0,20200,0,0
3382,2023-08-01,44.77454655204201,82048.2,82092.97454655204,20765,20410,21075,20025,0.0,20410,0,0
3383,2023-08-02,44.77454655204201,78892.49999999999,78937.27454655203,19950,19625,20485,19625,0.0,19625,0,0
3384,2023-08-03,44.77454655204201,80902.49999999999,80947.27454655203,19980,20125,20125,19525,0.0,20125,0,0
3385,2023-08-04,44.77454655204201,80239.2,80283.97454655204,20350,19960,20350,19960,0.0,19960,0,0
3386,2023-08-07,44.77454655204201,76601.09999999999,76645.87454655203,19825,19055,19825,18880,0.0,19055,0,0
3387,2023-08-08,76643.08657291644,0.0,76643.08657291644,19055,19030,19285,18920,-1.0,19030,0,0
3388,2023-08-09,76643.08657291644,0.0,76643.08657291644,18890,19325,19560,18890,0.0,19325,0,0
3389,2023-08-10,76643.08657291644,0.0,76643.08657291644,19220,19500,19670,19220,0.0,19500,0,0
3390,2023-08-11,76643.08657291644,0.0,76643.08657291644,19535,19405,19640,19295,0.0,19405,0,0
3391,2023-08-14,76643.08657291644,0.0,76643.08657291644,19385,18860,19385,18680,0.0,18860,0,0
3392,2023-08-16,76643.08657291644,0.0,76643.08657291644,18680,18095,18775,18060,0.0,18095,0,0
3393,2023-08-17,76643.08657291644,0.0,76643.08657291644,17810,18405,18440,17750,0.0,18405,0,0
3394,2023-08-18,76643.08657291644,0.0,76643.08657291644,18115,18125,18350,18035,0.0,18125,0,0
3395,2023-08-21,76643.08657291644,0.0,76643.08657291644,18250,18570,18675,18125,0.0,18570,0,0
3396,2023-08-22,76643.08657291644,0.0,76643.08657291644,18795,18970,19105,18795,0.0,18970,0,0
3397,2023-08-23,76643.08657291644,0.0,76643.08657291644,18970,18635,18975,18490,0.0,18635,0,0
3398,2023-08-24,76643.08657291644,0.0,76643.08657291644,18705,18765,18970,18625,0.0,18765,0,0
3399,2023-08-25,76643.08657291644,0.0,76643.08657291644,18460,18720,18790,18435,0.0,18720,0,0
3400,2023-08-28,76643.08657291644,0.0,76643.08657291644,18830,18955,19020,18830,0.0,18955,0,0
3401,2023-08-29,76643.08657291644,0.0,76643.08657291644,18955,18830,18975,18735,0.0,18830,0,0
3402,2023-08-30,76643.08657291644,0.0,76643.08657291644,19075,19110,19230,19060,0.0,19110,0,0
3403,2023-08-31,76643.08657291644,0.0,76643.08657291644,19110,19115,19295,18830,0.0,19115,0,0
3404,2023-09-01,76643.08657291644,0.0,76643.08657291644,18990,18670,18990,18670,0.0,18670,0,0
3405,2023-09-04,76643.08657291644,0.0,76643.08657291644,18500,18640,18835,18485,0.0,18640,0,0
3406,2023-09-05,76643.08657291644,0.0,76643.08657291644,18670,18545,18765,18400,0.0,18545,0,0
3407,2023-09-06,76643.08657291644,0.0,76643.08657291644,18755,18260,18755,18210,0.0,18260,0,0
3408,2023-09-07,76643.08657291644,0.0,76643.08657291644,18050,17855,18255,17810,0.0,17855,0,0
3409,2023-09-08,76643.08657291644,0.0,76643.08657291644,17800,17875,17950,17660,0.0,17875,0,0
3410,2023-09-11,76643.08657291644,0.0,76643.08657291644,17825,17730,17890,17710,0.0,17730,0,0
3411,2023-09-12,76643.08657291644,0.0,76643.08657291644,17755,17465,17755,17340,0.0,17465,0,0
3412,2023-09-13,76643.08657291644,0.0,76643.08657291644,17185,16970,17450,16970,0.0,16970,0,0
3413,2023-09-14,76643.08657291644,0.0,76643.08657291644,16970,17250,17310,16970,0.0,17250,0,0
3414,2023-09-15,76643.08657291644,0.0,76643.08657291644,17175,17425,17560,17175,0.0,17425,0,0
3415,2023-09-18,76643.08657291644,0.0,76643.08657291644,17305,17500,17600,17305,0.0,17500,0,0
3416,2023-09-19,76643.08657291644,0.0,76643.08657291644,17410,17340,17525,17325,0.0,17340,0,0
3417,2023-09-20,76643.08657291644,0.0,76643.08657291644,17400,17500,17535,17295,0.0,17500,0,0
3418,2023-09-21,76643.08657291644,0.0,76643.08657291644,17495,17140,17500,17080,0.0,17140,0,0
3419,2023-09-22,76643.08657291644,0.0,76643.08657291644,17025,16985,17050,16775,0.0,16985,0,0
3420,2023-09-25,76643.08657291644,0.0,76643.08657291644,16850,16575,17125,16510,0.0,16575,0,0
3421,2023-09-26,76643.08657291644,0.0,76643.08657291644,16455,16400,16745,16395,0.0,16400,0,0
3422,2023-09-27,76643.08657291644,0.0,76643.08657291644,16035,16500,16565,16035,0.0,16500,0,0
3423,2023-10-04,76643.08657291644,0.0,76643.08657291644,16210,15680,16240,15670,0.0,15680,0,0
3424,2023-10-05,76643.08657291644,0.0,76643.08657291644,15965,15610,16050,15600,0.0,15610,0,0
3425,2023-10-06,76643.08657291644,0.0,76643.08657291644,15675,15700,15800,15595,0.0,15700,0,0
3426,2023-10-10,76643.08657291644,0.0,76643.08657291644,16010,15330,16010,15260,0.0,15330,0,0
3427,2023-10-11,76643.08657291644,0.0,76643.08657291644,15700,16010,16085,15630,0.0,16010,0,0
3428,2023-10-12,76643.08657291644,0.0,76643.08657291644,16020,16430,16545,16020,0.0,16430,0,0
3429,2023-10-13,76643.08657291644,0.0,76643.08657291644,16230,16115,16320,16095,0.0,16115,0,0
3430,2023-10-16,76643.08657291644,0.0,76643.08657291644,15855,16070,16070,15780,0.0,16070,0,0
3431,2023-10-17,76643.08657291644,0.0,76643.08657291644,16120,16125,16395,16120,0.0,16125,0,0
3432,2023-10-18,76643.08657291644,0.0,76643.08657291644,15995,15970,16085,15930,0.0,15970,0,0
3433,2023-10-19,76643.08657291644,0.0,76643.08657291644,15645,15560,15705,15505,0.0,15560,0,0
3434,2023-10-20,76643.08657291644,0.0,76643.08657291644,15300,15000,15315,14940,0.0,15000,0,0
3435,2023-10-23,76643.08657291644,0.0,76643.08657291644,14970,14805,15015,14740,0.0,14805,0,0
3436,2023-10-24,76643.08657291644,0.0,76643.08657291644,14860,15100,15100,14360,0.0,15100,0,0
3437,2023-10-25,76643.08657291644,0.0,76643.08657291644,15150,14585,15150,14585,0.0,14585,0,0
3438,2023-10-26,76643.08657291644,0.0,76643.08657291644,14200,13750,14205,13670,0.0,13750,0,0
3439,2023-10-27,76643.08657291644,0.0,76643.08657291644,13800,13955,14240,13760,0.0,13955,0,0
3440,2023-10-30,76643.08657291644,0.0,76643.08657291644,13730,14365,14405,13730,0.0,14365,0,0
3441,2023-10-31,76643.08657291644,0.0,76643.08657291644,14320,13905,14320,13830,0.0,13905,0,0
3442,2023-11-01,76643.08657291644,0.0,76643.08657291644,14120,13820,14240,13765,0.0,13820,0,0
3443,2023-11-02,76643.08657291644,0.0,76643.08657291644,13995,14460,14460,13995,0.0,14460,0,0
3444,2023-11-03,76643.08657291644,0.0,76643.08657291644,14745,14705,14865,14540,0.0,14705,0,0
3445,2023-11-06,76643.08657291644,0.0,76643.08657291644,15500,16505,16530,15330,0.0,16505,0,0
3446,2023-11-07,4.296572916442528,76636.0,76640.29657291644,16480,16100,16740,15640,1.0,16100,0,0
3447,2023-11-08,4.296572916442528,73423.0,73427.29657291644,15855,15425,16165,15390,0.0,15425,0,0
3448,2023-11-09,4.296572916442528,72851.8,72856.09657291645,15330,15305,15480,15095,0.0,15305,0,0
3449,2023-11-10,4.296572916442528,70638.4,70642.69657291644,15000,14840,15020,14785,0.0,14840,0,0
3450,2023-11-13,72068.07364422204,0.0,72068.07364422204,15140,14800,15140,14755,-1.0,14800,0,0
3451,2023-11-14,74.85364422203565,71990.6,72065.45364422204,15105,15220,15310,15000,1.0,15220,0,0
3452,2023-11-15,74.85364422203565,73669.75,73744.60364422204,15725,15575,15945,15420,0.0,15575,0,0
3453,2023-11-16,74.85364422203565,72936.6,73011.45364422204,15645,15420,15645,15415,0.0,15420,0,0
3454,2023-11-17,74.85364422203565,72037.90000000001,72112.75364422204,15340,15230,15340,15135,0.0,15230,0,0
3455,2023-11-20,74.85364422203565,74119.1,74193.95364422204,15345,15670,15700,15275,0.0,15670,0,0
3456,2023-11-21,74.85364422203565,74639.40000000001,74714.25364422204,16140,15780,16140,15530,0.0,15780,0,0
3457,2023-11-22,74.85364422203565,74355.6,74430.45364422204,15740,15720,15740,15555,0.0,15720,0,0
3458,2023-11-23,74.85364422203565,74757.65000000001,74832.50364422204,15720,15805,15915,15695,0.0,15805,0,0
3459,2023-11-24,74.85364422203565,74166.40000000001,74241.25364422204,15675,15680,15945,15675,0.0,15680,0,0
3460,2023-11-27,74.85364422203565,73906.25,73981.10364422204,15660,15625,15910,15615,0.0,15625,0,0
3461,2023-11-28,74.85364422203565,74686.70000000001,74761.55364422205,15700,15790,16000,15700,0.0,15790,0,0
3462,2023-11-29,74.85364422203565,74923.20000000001,74998.05364422205,15770,15840,15890,15610,0.0,15840,0,0
3463,2023-11-30,74.85364422203565,75680.0,75754.85364422204,15840,16000,16000,15840,0.0,16000,0,0
3464,2023-12-01,74.85364422203565,74331.95000000001,74406.80364422205,16000,15715,16000,15635,0.0,15715,0,0
3465,2023-12-04,74.85364422203565,73102.15000000001,73177.00364422204,15815,15455,15815,15405,0.0,15455,0,0
3466,2023-12-05,74.85364422203565,72629.15000000001,72704.00364422204,15455,15355,15525,15260,0.0,15355,0,0
3467,2023-12-06,74.85364422203565,72487.25,72562.10364422204,15355,15325,15450,15295,0.0,15325,0,0
3468,2023-12-07,72701.36023367864,0.0,72701.36023367864,15355,15270,15355,15085,-1.0,15270,0,0
3469,2023-12-08,72701.36023367864,0.0,72701.36023367864,15255,15540,15540,15255,0.0,15540,0,0
3470,2023-12-11,72701.36023367864,0.0,72701.36023367864,15435,15485,15580,15385,0.0,15485,0,0
3471,2023-12-12,72701.36023367864,0.0,72701.36023367864,15335,15445,15525,15335,0.0,15445,0,0
3472,2023-12-13,72701.36023367864,0.0,72701.36023367864,15265,15110,15430,15050,0.0,15110,0,0
3473,2023-12-14,72701.36023367864,0.0,72701.36023367864,15210,15170,15360,15165,0.0,15170,0,0
3474,2023-12-15,72701.36023367864,0.0,72701.36023367864,15290,15665,15820,15290,0.0,15665,0,0
3475,2023-12-18,12.460233678648365,72686.25,72698.71023367865,15740,15975,16060,15695,1.0,15975,0,0
3476,2023-12-19,12.460233678648365,73300.5,73312.96023367865,15895,16110,16110,15860,0.0,16110,0,0
3477,2023-12-20,12.460233678648365,74256.0,74268.46023367865,16320,16320,16320,16165,0.0,16320,0,0
3478,2023-12-21,12.460233678648365,73164.0,73176.46023367865,16265,16080,16265,15945,0.0,16080,0,0
3479,2023-12-22,12.460233678648365,72049.25,72061.71023367865,16250,15835,16250,15830,0.0,15835,0,0
3480,2023-12-26,12.460233678648365,71344.0,71356.46023367865,15835,15680,15835,15610,0.0,15680,0,0
3481,2023-12-27,12.460233678648365,72003.75,72016.21023367865,15660,15825,15940,15660,0.0,15825,0,0
3482,2023-12-28,12.460233678648365,72686.25,72698.71023367865,15825,15975,16005,15795,0.0,15975,0,0
3483,2024-01-02,12.460233678648365,72367.75,72380.21023367865,16000,15905,16000,15825,0.0,15905,0,0
3484,2024-01-03,12.460233678648365,70729.75,70742.21023367865,15730,15545,15730,15545,0.0,15545,0,0
3485,2024-01-04,12.460233678648365,70820.75,70833.21023367865,15315,15565,15650,15270,0.0,15565,0,0
3486,2024-01-05,70375.64920184165,0.0,70375.64920184165,15465,15630,15760,15465,-1.0,15630,0,0
3487,2024-01-08,70375.64920184165,0.0,70375.64920184165,15610,15485,15675,15480,0.0,15485,0,0
3488,2024-01-09,70375.64920184165,0.0,70375.64920184165,15555,15480,15765,15480,0.0,15480,0,0
3489,2024-01-10,70375.64920184165,0.0,70375.64920184165,15575,15345,15575,15290,0.0,15345,0,0
3490,2024-01-11,70375.64920184165,0.0,70375.64920184165,15300,15280,15450,15280,0.0,15280,0,0
3491,2024-01-12,70375.64920184165,0.0,70375.64920184165,15335,15085,15335,15060,0.0,15085,0,0
3492,2024-01-15,70375.64920184165,0.0,70375.64920184165,15180,14935,15180,14915,0.0,14935,0,0
3493,2024-01-16,70375.64920184165,0.0,70375.64920184165,15020,14815,15035,14815,0.0,14815,0,0
3494,2024-01-17,70375.64920184165,0.0,70375.64920184165,14815,14300,14815,14300,0.0,14300,0,0
3495,2024-01-18,70375.64920184165,0.0,70375.64920184165,14335,14265,14465,14200,0.0,14265,0,0
3496,2024-01-19,70375.64920184165,0.0,70375.64920184165,14300,14000,14405,13925,0.0,14000,0,0
3497,2024-01-22,70375.64920184165,0.0,70375.64920184165,14100,13510,14100,13505,0.0,13510,0,0
3498,2024-01-23,70375.64920184165,0.0,70375.64920184165,13535,13615,13715,13440,0.0,13615,0,0
3499,2024-01-24,70375.64920184165,0.0,70375.64920184165,13745,13780,13855,13515,0.0,13780,0,0
3500,2024-01-25,70375.64920184165,0.0,70375.64920184165,13825,13830,13855,13545,0.0,13830,0,0
3501,2024-01-26,70375.64920184165,0.0,70375.64920184165,13735,14105,14185,13690,0.0,14105,0,0
3502,2024-01-29,70375.64920184165,0.0,70375.64920184165,14080,14275,14305,14070,0.0,14275,0,0
3503,2024-01-30,70375.64920184165,0.0,70375.64920184165,14280,14195,14575,14165,0.0,14195,0,0
3504,2024-01-31,70375.64920184165,0.0,70375.64920184165,14065,14080,14270,14065,0.0,14080,0,0
3505,2024-02-01,70375.64920184165,0.0,70375.64920184165,14010,14435,14435,13940,0.0,14435,0,0
3506,2024-02-02,70375.64920184165,0.0,70375.64920184165,14365,14720,14770,14365,0.0,14720,0,0
3507,2024-02-05,70375.64920184165,0.0,70375.64920184165,14600,14690,14830,14460,0.0,14690,0,0
3508,2024-02-06,70375.64920184165,0.0,70375.64920184165,14510,14530,14690,14500,0.0,14530,0,0
3509,2024-02-07,1.8392018416489009,70371.25,70373.08920184165,14810,14815,15100,14635,1.0,14815,0,0
3510,2024-02-08,1.8392018416489009,71772.5,71774.33920184165,15110,15110,15180,14960,0.0,15110,0,0
3511,2024-02-13,1.8392018416489009,72865.0,72866.83920184165,15160,15340,15475,15160,0.0,15340,0,0
3512,2024-02-14,1.8392018416489009,72176.25,72178.08920184165,14935,15195,15250,14900,0.0,15195,0,0
3513,2024-02-15,1.8392018416489009,73458.75,73460.58920184165,15245,15465,15485,15245,0.0,15465,0,0
3514,2024-02-16,1.8392018416489009,74765.0,74766.83920184165,15560,15740,15870,15560,0.0,15740,0,0
3515,2024-02-19,1.8392018416489009,75287.5,75289.33920184165,15740,15850,15955,15740,0.0,15850,0,0
3516,2024-02-20,1.8392018416489009,75145.0,75146.83920184165,15850,15820,15850,15575,0.0,15820,0,0
3517,2024-02-21,1.8392018416489009,75073.75,75075.58920184165,15590,15805,15875,15590,0.0,15805,0,0
3518,2024-02-22,1.8392018416489009,73720.0,73721.83920184165,15715,15520,15885,15520,0.0,15520,0,0
3519,2024-02-23,1.8392018416489009,72983.75,72985.58920184165,15410,15365,15505,15300,0.0,15365,0,0
3520,2024-02-26,1.8392018416489009,72770.0,72771.83920184165,15425,15320,15425,15225,0.0,15320,0,0
3521,2024-02-27,1.8392018416489009,71962.5,71964.33920184165,15300,15150,15515,15150,0.0,15150,0,0
3522,2024-02-28,1.8392018416489009,72793.75,72795.58920184165,15215,15325,15505,15215,0.0,15325,0,0
3523,2024-02-29,1.8392018416489009,72461.25,72463.08920184165,15195,15255,15325,15185,0.0,15255,0,0
3524,2024-03-04,1.8392018416489009,73197.5,73199.33920184165,15260,15410,15560,15260,0.0,15410,0,0
3525,2024-03-05,1.8392018416489009,72912.5,72914.33920184165,15205,15350,15555,15205,0.0,15350,0,0
3526,2024-03-06,1.8392018416489009,72461.25,72463.08920184165,15240,15255,15485,15190,0.0,15255,0,0
3527,2024-03-07,1.8392018416489009,72437.5,72439.33920184165,15255,15250,15400,15145,0.0,15250,0,0
3528,2024-03-08,1.8392018416489009,73055.0,73056.83920184165,15355,15380,15550,15260,0.0,15380,0,0
3529,2024-03-11,1.8392018416489009,72675.0,72676.83920184165,15230,15300,15440,15230,0.0,15300,0,0
3530,2024-03-12,1.8392018416489009,74195.0,74196.83920184165,15325,15620,15620,15325,0.0,15620,0,0
3531,2024-03-13,1.8392018416489009,73672.5,73674.33920184165,15575,15510,15700,15470,0.0,15510,0,0
3532,2024-03-14,1.8392018416489009,73672.5,73674.33920184165,15605,15510,15605,15450,0.0,15510,0,0
3533,2024-03-15,1.8392018416489009,72960.0,72961.83920184165,15540,15360,15540,15300,0.0,15360,0,0
3534,2024-03-18,1.8392018416489009,74693.75,74695.58920184165,15365,15725,15745,15365,0.0,15725,0,0
3535,2024-03-19,1.8392018416489009,74337.5,74339.33920184165,15725,15650,15750,15540,0.0,15650,0,0
3536,2024-03-20,1.8392018416489009,73910.0,73911.83920184165,15660,15560,15685,15520,0.0,15560,0,0
3537,2024-03-21,1.8392018416489009,74171.25,74173.08920184165,15795,15615,15795,15565,0.0,15615,0,0
3538,2024-03-22,1.8392018416489009,74527.5,74529.33920184165,15695,15690,15815,15610,0.0,15690,0,0
3539,2024-03-25,1.8392018416489009,75002.5,75004.33920184165,15580,15790,15805,15580,0.0,15790,0,0
3540,2024-03-26,1.8392018416489009,74575.0,74576.83920184165,15790,15700,15880,15630,0.0,15700,0,0
3541,2024-03-27,1.8392018416489009,74670.0,74671.83920184165,15700,15720,15840,15610,0.0,15720,0,0
3542,2024-03-28,1.8392018416489009,74575.0,74576.83920184165,15780,15700,15845,15630,0.0,15700,0,0
3543,2024-03-29,1.8392018416489009,73767.5,73769.33920184165,15510,15530,15725,15480,0.0,15530,0,0
3544,2024-04-01,1.8392018416489009,74076.25,74078.08920184165,15520,15595,15690,15520,0.0,15595,0,0
3545,2024-04-02,1.8392018416489009,73530.0,73531.83920184165,15660,15480,15660,15405,0.0,15480,0,0
3546,2024-04-03,73030.43115646664,0.0,73030.43115646664,15375,15220,15375,15195,-1.0,15220,0,0
3547,2024-04-04,73030.43115646664,0.0,73030.43115646664,15170,15300,15465,15160,0.0,15300,0,0
3548,2024-04-05,73030.43115646664,0.0,73030.43115646664,15070,15265,15355,15070,0.0,15265,0,0
3549,2024-04-08,73030.43115646664,0.0,73030.43115646664,15075,15060,15165,14905,0.0,15060,0,0
3550,2024-04-09,73030.43115646664,0.0,73030.43115646664,14945,15000,15215,14945,0.0,15000,0,0
3551,2024-04-11,73030.43115646664,0.0,73030.43115646664,14890,14795,14925,14745,0.0,14795,0,0
3552,2024-04-12,73030.43115646664,0.0,73030.43115646664,14795,14635,14805,14630,0.0,14635,0,0
3553,2024-04-15,73030.43115646664,0.0,73030.43115646664,14540,14290,14560,14290,0.0,14290,0,0
3554,2024-04-16,73030.43115646664,0.0,73030.43115646664,14250,14095,14250,14030,0.0,14095,0,0
3555,2024-04-17,73030.43115646664,0.0,73030.43115646664,14045,13885,14180,13875,0.0,13885,0,0
3556,2024-04-18,73030.43115646664,0.0,73030.43115646664,13920,14125,14150,13920,0.0,14125,0,0
3557,2024-04-19,73030.43115646664,0.0,73030.43115646664,14030,13830,14030,13770,0.0,13830,0,0
3558,2024-04-22,73030.43115646664,0.0,73030.43115646664,13900,14030,14070,13890,0.0,14030,0,0
3559,2024-04-23,73030.43115646664,0.0,73030.43115646664,14115,13985,14115,13935,0.0,13985,0,0
3560,2024-04-24,73030.43115646664,0.0,73030.43115646664,14215,14185,14255,14115,0.0,14185,0,0
3561,2024-04-25,73030.43115646664,0.0,73030.43115646664,14285,14120,14285,14050,0.0,14120,0,0
3562,2024-04-26,73030.43115646664,0.0,73030.43115646664,14170,14035,14170,13950,0.0,14035,0,0
3563,2024-04-29,73030.43115646664,0.0,73030.43115646664,14035,14500,14530,14035,0.0,14500,0,0
3564,2024-04-30,73030.43115646664,0.0,73030.43115646664,14600,14425,14600,14395,0.0,14425,0,0
3565,2024-05-02,73030.43115646664,0.0,73030.43115646664,14380,14255,14420,14225,0.0,14255,0,0
3566,2024-05-03,73030.43115646664,0.0,73030.43115646664,14340,14250,14380,14185,0.0,14250,0,0
3567,2024-05-07,73030.43115646664,0.0,73030.43115646664,14370,14335,14390,14250,0.0,14335,0,0
3568,2024-05-08,73030.43115646664,0.0,73030.43115646664,14365,14500,14500,14260,0.0,14500,0,0
3569,2024-05-09,73030.43115646664,0.0,73030.43115646664,14510,14425,14520,14380,0.0,14425,0,0
3570,2024-05-10,73030.43115646664,0.0,73030.43115646664,14460,14325,14485,14250,0.0,14325,0,0
3571,2024-05-13,73030.43115646664,0.0,73030.43115646664,14430,14150,14430,14150,0.0,14150,0,0
3572,2024-05-14,73030.43115646664,0.0,73030.43115646664,14195,14355,14440,14195,0.0,14355,0,0
3573,2024-05-16,73030.43115646664,0.0,73030.43115646664,14600,14455,14600,14420,0.0,14455,0,0
3574,2024-05-17,73030.43115646664,0.0,73030.43115646664,14395,14330,14430,14275,0.0,14330,0,0
3575,2024-05-20,73030.43115646664,0.0,73030.43115646664,14425,14410,14485,14400,0.0,14410,0,0
3576,2024-05-21,73030.43115646664,0.0,73030.43115646664,14400,14125,14400,14125,0.0,14125,0,0
3577,2024-05-22,73030.43115646664,0.0,73030.43115646664,14220,14220,14285,14195,0.0,14220,0,0
3578,2024-05-23,73030.43115646664,0.0,73030.43115646664,14165,14255,14395,14155,0.0,14255,0,0
3579,2024-05-24,73030.43115646664,0.0,73030.43115646664,14065,14000,14150,14000,0.0,14000,0,0
3580,2024-05-27,73030.43115646664,0.0,73030.43115646664,14140,14300,14375,14070,0.0,14300,0,0
3581,2024-05-28,73030.43115646664,0.0,73030.43115646664,14300,14180,14365,14180,0.0,14180,0,0
3582,2024-05-29,73030.43115646664,0.0,73030.43115646664,14090,13765,14090,13750,0.0,13765,0,0
3583,2024-05-30,73030.43115646664,0.0,73030.43115646664,13730,13605,13765,13540,0.0,13605,0,0
3584,2024-05-31,73030.43115646664,0.0,73030.43115646664,13540,13815,13850,13540,0.0,13815,0,0
3585,2024-06-03,73030.43115646664,0.0,73030.43115646664,13935,13965,14120,13900,0.0,13965,0,0
3586,2024-06-04,73030.43115646664,0.0,73030.43115646664,13790,13905,14050,13790,0.0,13905,0,0
3587,2024-06-05,73030.43115646664,0.0,73030.43115646664,13900,14130,14210,13900,0.0,14130,0,0
3588,2024-06-07,73030.43115646664,0.0,73030.43115646664,14170,14285,14330,14095,0.0,14285,0,0
3589,2024-06-10,73030.43115646664,0.0,73030.43115646664,14225,14190,14330,14140,0.0,14190,0,0
3590,2024-06-11,30.021156466638786,72997.75,73027.77115646664,14210,14455,14570,14210,1.0,14455,0,0
3591,2024-06-12,30.021156466638786,73048.25,73078.27115646664,14400,14465,14555,14380,0.0,14465,0,0
3592,2024-06-13,30.021156466638786,72543.25,72573.27115646664,14555,14365,14555,14360,0.0,14365,0,0
3593,2024-06-14,30.021156466638786,72063.5,72093.52115646664,14355,14270,14360,14055,0.0,14270,0,0
3594,2024-06-17,30.021156466638786,71028.25,71058.27115646664,14180,14065,14260,14060,0.0,14065,0,0
3595,2024-06-18,71232.42957928663,0.0,71232.42957928663,14100,13835,14180,13790,-1.0,13835,0,0
3596,2024-06-19,71232.42957928663,0.0,71232.42957928663,13885,13995,14045,13835,0.0,13995,0,0
3597,2024-06-20,71232.42957928663,0.0,71232.42957928663,14085,14180,14365,14085,0.0,14180,0,0
3598,2024-06-21,71232.42957928663,0.0,71232.42957928663,14180,13965,14205,13930,0.0,13965,0,0
3599,2024-06-24,71232.42957928663,0.0,71232.42957928663,13905,13670,13905,13655,0.0,13670,0,0
3600,2024-06-25,71232.42957928663,0.0,71232.42957928663,13735,13605,13800,13600,0.0,13605,0,0
3601,2024-06-26,71232.42957928663,0.0,71232.42957928663,13580,13510,13615,13465,0.0,13510,0,0
3602,2024-06-27,71232.42957928663,0.0,71232.42957928663,13445,13440,13545,13385,0.0,13440,0,0
3603,2024-06-28,71232.42957928663,0.0,71232.42957928663,13455,13690,13830,13455,0.0,13690,0,0
3604,2024-07-01,71232.42957928663,0.0,71232.42957928663,13580,13780,13780,13510,0.0,13780,0,0
3605,2024-07-02,71232.42957928663,0.0,71232.42957928663,13695,13515,13710,13505,0.0,13515,0,0
3606,2024-07-03,71232.42957928663,0.0,71232.42957928663,13655,13735,13850,13615,0.0,13735,0,0
3607,2024-07-04,71232.42957928663,0.0,71232.42957928663,13810,13890,13935,13760,0.0,13890,0,0
3608,2024-07-05,71232.42957928663,0.0,71232.42957928663,13850,13785,13920,13725,0.0,13785,0,0
3609,2024-07-08,71232.42957928663,0.0,71232.42957928663,13810,13925,14010,13740,0.0,13925,0,0
3610,2024-07-09,71232.42957928663,0.0,71232.42957928663,13940,13890,14010,13840,0.0,13890,0,0
3611,2024-07-10,71232.42957928663,0.0,71232.42957928663,13870,13680,13870,13680,0.0,13680,0,0
3612,2024-07-11,71232.42957928663,0.0,71232.42957928663,13800,13780,13905,13730,0.0,13780,0,0
3613,2024-07-12,71232.42957928663,0.0,71232.42957928663,13800,13795,13895,13700,0.0,13795,0,0
3614,2024-07-15,71232.42957928663,0.0,71232.42957928663,13860,13750,13860,13700,0.0,13750,0,0
3615,2024-07-16,71232.42957928663,0.0,71232.42957928663,13715,13435,13715,13430,0.0,13435,0,0
3616,2024-07-17,71232.42957928663,0.0,71232.42957928663,13445,13410,13585,13390,0.0,13410,0,0
3617,2024-07-18,71232.42957928663,0.0,71232.42957928663,13415,13310,13445,13235,0.0,13310,0,0
3618,2024-07-19,71232.42957928663,0.0,71232.42957928663,13325,13330,13330,13130,0.0,13330,0,0
3619,2024-07-22,71232.42957928663,0.0,71232.42957928663,13400,12950,13400,12885,0.0,12950,0,0
3620,2024-07-23,71232.42957928663,0.0,71232.42957928663,13005,12780,13055,12780,0.0,12780,0,0
3621,2024-07-24,71232.42957928663,0.0,71232.42957928663,12675,12640,12895,12640,0.0,12640,0,0
3622,2024-07-25,71232.42957928663,0.0,71232.42957928663,12580,12670,12700,12360,0.0,12670,0,0
3623,2024-07-26,71232.42957928663,0.0,71232.42957928663,12765,12510,12765,12470,0.0,12510,0,0
3624,2024-07-29,71232.42957928663,0.0,71232.42957928663,12500,12585,12625,12445,0.0,12585,0,0
3625,2024-07-30,71232.42957928663,0.0,71232.42957928663,12500,12485,12625,12460,0.0,12485,0,0
3626,2024-07-31,71232.42957928663,0.0,71232.42957928663,12520,12475,12520,12380,0.0,12475,0,0
3627,2024-08-01,71232.42957928663,0.0,71232.42957928663,12520,12760,12810,12520,0.0,12760,0,0
3628,2024-08-02,71232.42957928663,0.0,71232.42957928663,12550,12350,12575,12315,0.0,12350,0,0
3629,2024-08-05,71232.42957928663,0.0,71232.42957928663,12200,11020,12200,10765,0.0,11020,0,0
3630,2024-08-06,71232.42957928663,0.0,71232.42957928663,11340,11775,11865,11270,0.0,11775,0,0
3631,2024-08-07,71232.42957928663,0.0,71232.42957928663,11635,11660,11865,11610,0.0,11660,0,0
3632,2024-08-08,71232.42957928663,0.0,71232.42957928663,11405,11310,11510,11310,0.0,11310,0,0
3633,2024-08-09,71232.42957928663,0.0,71232.42957928663,11545,11750,11800,11545,0.0,11750,0,0
3634,2024-08-12,71232.42957928663,0.0,71232.42957928663,11800,11895,11960,11800,0.0,11895,0,0
3635,2024-08-13,71232.42957928663,0.0,71232.42957928663,11870,11890,11940,11735,0.0,11890,0,0
3636,2024-08-14,71232.42957928663,0.0,71232.42957928663,12015,12120,12125,12005,0.0,12120,0,0
3637,2024-08-16,71232.42957928663,0.0,71232.42957928663,12285,12120,12350,12120,0.0,12120,0,0
3638,2024-08-19,71232.42957928663,0.0,71232.42957928663,12110,11865,12230,11865,0.0,11865,0,0
3639,2024-08-20,71232.42957928663,0.0,71232.42957928663,11980,12070,12110,11865,0.0,12070,0,0
3640,2024-08-21,71232.42957928663,0.0,71232.42957928663,12025,12140,12220,12025,0.0,12140,0,0
3641,2024-08-22,71232.42957928663,0.0,71232.42957928663,12170,12275,12360,12170,0.0,12275,0,0
3642,2024-08-23,71232.42957928663,0.0,71232.42957928663,12205,12150,12220,12050,0.0,12150,0,0
3643,2024-08-26,71232.42957928663,0.0,71232.42957928663,12220,12125,12285,12080,0.0,12125,0,0
3644,2024-08-27,71232.42957928663,0.0,71232.42957928663,12195,12185,12230,12075,0.0,12185,0,0
3645,2024-08-28,71232.42957928663,0.0,71232.42957928663,12210,11870,12210,11870,0.0,11870,0,0
3646,2024-08-29,71232.42957928663,0.0,71232.42957928663,11775,12040,12080,11770,0.0,12040,0,0
3647,2024-08-30,71232.42957928663,0.0,71232.42957928663,12080,12090,12130,12000,0.0,12090,0,0
3648,2024-09-02,93.83957928663585,71136.0,71229.83957928664,12180,12350,12400,12130,1.0,12350,0,0
3649,2024-09-03,93.83957928663585,70761.59999999999,70855.43957928663,12385,12285,12445,12270,0.0,12285,0,0
3650,2024-09-04,68491.35009288663,0.0,68491.35009288663,11875,11870,12025,11835,-1.0,11870,0,0
3651,2024-09-05,68491.35009288663,0.0,68491.35009288663,11930,11745,11995,11660,0.0,11745,0,0
3652,2024-09-06,68491.35009288663,0.0,68491.35009288663,11740,11365,11760,11350,0.0,11365,0,0
3653,2024-09-09,68491.35009288663,0.0,68491.35009288663,11165,11260,11315,11070,0.0,11260,0,0
3654,2024-09-10,68491.35009288663,0.0,68491.35009288663,11305,11180,11435,11180,0.0,11180,0,0
3655,2024-09-11,68491.35009288663,0.0,68491.35009288663,11230,11455,11480,11230,0.0,11455,0,0
3656,2024-09-12,68491.35009288663,0.0,68491.35009288663,11595,11715,11715,11510,0.0,11715,0,0
3657,2024-09-13,68491.35009288663,0.0,68491.35009288663,11750,11630,11750,11500,0.0,11630,0,0
3658,2024-09-19,68491.35009288663,0.0,68491.35009288663,11735,11600,11830,11470,0.0,11600,0,0
3659,2024-09-20,68491.35009288663,0.0,68491.35009288663,11780,11550,11805,11550,0.0,11550,0,0
3660,2024-09-23,68491.35009288663,0.0,68491.35009288663,11615,11775,11775,11615,0.0,11775,0,0
3661,2024-09-24,96.36009288662171,68392.5,68488.86009288662,11790,12435,12435,11790,1.0,12435,0,0
3662,2024-09-25,96.36009288662171,68475.0,68571.36009288662,12580,12450,12670,12415,0.0,12450,0,0
3663,2024-09-26,96.36009288662171,70125.0,70221.36009288662,12445,12750,12750,12445,0.0,12750,0,0
3664,2024-09-27,96.36009288662171,70235.0,70331.36009288662,12710,12770,12925,12645,0.0,12770,0,0
3665,2024-09-30,96.36009288662171,68915.0,69011.36009288662,12885,12530,12900,12515,0.0,12530,0,0
3666,2024-10-02,96.36009288662171,68365.0,68461.36009288662,12435,12430,12615,12350,0.0,12430,0,0
3667,2024-10-04,96.36009288662171,68255.0,68351.36009288662,12430,12410,12500,12335,0.0,12410,0,0
3668,2024-10-07,96.36009288662171,69850.0,69946.36009288662,12410,12700,12740,12330,0.0,12700,0,0
3669,2024-10-08,96.36009288662171,68942.5,69038.86009288662,12640,12535,12665,12490,0.0,12535,0,0
3670,2024-10-10,96.36009288662171,69575.0,69671.36009288662,12620,12650,12700,12485,0.0,12650,0,0
3671,2024-10-11,96.36009288662171,68420.0,68516.36009288662,12605,12440,12695,12355,0.0,12440,0,0
3672,2024-10-14,96.36009288662171,68062.5,68158.86009288662,12425,12375,12425,12260,0.0,12375,0,0
3673,2024-10-15,96.36009288662171,66907.5,67003.86009288662,12345,12165,12400,12030,0.0,12165,0,0
3674,2024-10-16,96.36009288662171,65862.5,65958.86009288662,12165,11975,12165,11940,0.0,11975,0,0
3675,2024-10-17,65983.96196044661,0.0,65983.96196044661,11980,11875,12055,11875,-1.0,11875,0,0
3676,2024-10-18,65983.96196044661,0.0,65983.96196044661,11860,11735,11925,11690,0.0,11735,0,0
3677,2024-10-21,65983.96196044661,0.0,65983.96196044661,11755,11810,11915,11755,0.0,11810,0,0
3678,2024-10-22,65983.96196044661,0.0,65983.96196044661,11735,11485,11770,11485,0.0,11485,0,0
3679,2024-10-23,65983.96196044661,0.0,65983.96196044661,11520,11665,11735,11410,0.0,11665,0,0
3680,2024-10-24,65983.96196044661,0.0,65983.96196044661,11705,11630,11770,11605,0.0,11630,0,0
3681,2024-10-25,65983.96196044661,0.0,65983.96196044661,11735,11555,11765,11510,0.0,11555,0,0
3682,2024-10-28,65983.96196044661,0.0,65983.96196044661,11595,12005,12010,11595,0.0,12005,0,0
3683,2024-10-29,65983.96196044661,0.0,65983.96196044661,11940,11790,11940,11645,0.0,11790,0,0
3684,2024-10-30,65983.96196044661,0.0,65983.96196044661,11670,11625,11755,11595,0.0,11625,0,0
3685,2024-10-31,65983.96196044661,0.0,65983.96196044661,11565,11655,11695,11450,0.0,11655,0,0
3686,2024-11-01,65983.96196044661,0.0,65983.96196044661,11465,11600,11760,11465,0.0,11600,0,0
3687,2024-11-04,65983.96196044661,0.0,65983.96196044661,11600,11695,11720,11525,0.0,11695,0,0
3688,2024-11-05,65983.96196044661,0.0,65983.96196044661,11630,11660,11770,11535,0.0,11660,0,0
3689,2024-11-06,65983.96196044661,0.0,65983.96196044661,11630,11225,11650,11180,0.0,11225,0,0
3690,2024-11-07,65983.96196044661,0.0,65983.96196044661,11110,11050,11240,10850,0.0,11050,0,0
3691,2024-11-08,65983.96196044661,0.0,65983.96196044661,11015,10970,11200,10935,0.0,10970,0,0
3692,2024-11-11,65983.96196044661,0.0,65983.96196044661,10965,10705,10965,10630,0.0,10705,0,0
3693,2024-11-12,65983.96196044661,0.0,65983.96196044661,10670,10565,10730,10505,0.0,10565,0,0
3694,2024-11-13,65983.96196044661,0.0,65983.96196044661,10345,10195,10485,10170,0.0,10195,0,0
3695,2024-11-14,65983.96196044661,0.0,65983.96196044661,10220,9985,10230,9910,0.0,9985,0,0
3696,2024-11-15,65983.96196044661,0.0,65983.96196044661,9835,9800,9920,9495,0.0,9800,0,0
3697,2024-11-18,65983.96196044661,0.0,65983.96196044661,9635,10025,10065,9635,0.0,10025,0,0
3698,2024-11-19,65983.96196044661,0.0,65983.96196044661,10050,10195,10195,9945,0.0,10195,0,0
3699,2024-11-20,65983.96196044661,0.0,65983.96196044661,10145,10220,10295,10085,0.0,10220,0,0
3700,2024-11-21,65983.96196044661,0.0,65983.96196044661,10220,10345,10420,10170,0.0,10345,0,0
3701,2024-11-22,65983.96196044661,0.0,65983.96196044661,10345,10385,10540,10345,0.0,10385,0,0
3702,2024-11-25,65983.96196044661,0.0,65983.96196044661,10385,10595,10675,10385,0.0,10595,0,0
3703,2024-11-26,65983.96196044661,0.0,65983.96196044661,10535,10495,10635,10470,0.0,10495,0,0
3704,2024-11-27,65983.96196044661,0.0,65983.96196044661,10470,10275,10520,10260,0.0,10275,0,0
3705,2024-11-28,65983.96196044661,0.0,65983.96196044661,10385,10440,10490,10310,0.0,10440,0,0
3706,2024-11-29,65983.96196044661,0.0,65983.96196044661,10425,10025,10425,10000,0.0,10025,0,0
3707,2024-12-02,65983.96196044661,0.0,65983.96196044661,10070,9970,10215,9945,0.0,9970,0,0
3708,2024-12-03,65983.96196044661,0.0,65983.96196044661,10070,10280,10295,10070,0.0,10280,0,0
3709,2024-12-04,65983.96196044661,0.0,65983.96196044661,10065,10035,10205,9940,0.0,10035,0,0
3710,2024-12-05,65983.96196044661,0.0,65983.96196044661,10070,9730,10070,9730,0.0,9730,0,0
3711,2024-12-06,65983.96196044661,0.0,65983.96196044661,9705,9755,9865,9540,0.0,9755,0,0
3712,2024-12-09,65983.96196044661,0.0,65983.96196044661,9590,9215,9590,9215,0.0,9215,0,0
3713,2024-12-10,65983.96196044661,0.0,65983.96196044661,9270,9805,9845,9270,0.0,9805,0,0
3714,2024-12-11,65983.96196044661,0.0,65983.96196044661,9850,9900,9935,9790,0.0,9900,0,0
3715,2024-12-12,65983.96196044661,0.0,65983.96196044661,9915,10035,10035,9815,0.0,10035,0,0
3716,2024-12-13,65983.96196044661,0.0,65983.96196044661,9945,9990,10060,9885,0.0,9990,0,0
3717,2024-12-16,65983.96196044661,0.0,65983.96196044661,10045,10095,10220,10030,0.0,10095,0,0
3718,2024-12-17,65983.96196044661,0.0,65983.96196044661,10155,9905,10155,9845,0.0,9905,0,0
3719,2024-12-18,65983.96196044661,0.0,65983.96196044661,10010,9985,10010,9900,0.0,9985,0,0
3720,2024-12-19,65983.96196044661,0.0,65983.96196044661,9795,9805,9865,9700,0.0,9805,0,0
3721,2024-12-20,65983.96196044661,0.0,65983.96196044661,9755,9645,9850,9595,0.0,9645,0,0
3722,2024-12-23,65983.96196044661,0.0,65983.96196044661,9745,9775,9835,9560,0.0,9775,0,0
3723,2024-12-24,65983.96196044661,0.0,65983.96196044661,9795,9670,9840,9645,0.0,9670,0,0
3724,2024-12-26,65983.96196044661,0.0,65983.96196044661,9750,9585,9750,9570,0.0,9585,0,0
3725,2024-12-27,65983.96196044661,0.0,65983.96196044661,9565,9440,9630,9380,0.0,9440,0,0
3726,2024-12-30,65983.96196044661,0.0,65983.96196044661,9440,9545,9650,9425,0.0,9545,0,0
3727,2025-01-02,65983.96196044661,0.0,65983.96196044661,9575,9515,9600,9425,0.0,9515,0,0
3728,2025-01-03,65983.96196044661,0.0,65983.96196044661,9515,10020,10040,9515,0.0,10020,0,0
3729,2025-01-06,65983.96196044661,0.0,65983.96196044661,10040,10090,10185,9975,0.0,10090,0,0
3730,2025-01-07,47.561960446619196,65934.0,65981.56196044662,10180,10175,10290,10145,1.0,10175,0,0
3731,2025-01-08,47.561960446619196,66711.6,66759.16196044663,10130,10295,10335,10105,0.0,10295,0,0
3732,2025-01-09,47.561960446619196,67521.6,67569.16196044663,10400,10420,10480,10255,0.0,10420,0,0
3733,2025-01-10,47.561960446619196,66938.40000000001,66985.96196044663,10440,10330,10460,10310,0.0,10330,0,0
3734,2025-01-13,47.561960446619196,66322.8,66370.36196044662,10350,10235,10355,10205,0.0,10235,0,0
3735,2025-01-14,47.561960446619196,67100.40000000001,67147.96196044663,10330,10355,10425,10255,0.0,10355,0,0
3736,2025-01-15,47.561960446619196,66484.8,66532.36196044662,10435,10260,10490,10260,0.0,10260,0,0
3737,2025-01-16,47.561960446619196,67780.8,67828.36196044662,10370,10460,10510,10370,0.0,10460,0,0
3738,2025-01-17,47.561960446619196,68720.40000000001,68767.96196044663,10480,10605,10605,10450,0.0,10605,0,0
3739,2025-01-20,47.561960446619196,69109.20000000001,69156.76196044663,10695,10665,10765,10580,0.0,10665,0,0
3740,2025-01-21,47.561960446619196,67618.8,67666.36196044662,10700,10435,10700,10335,0.0,10435,0,0
3741,2025-01-22,47.561960446619196,67975.20000000001,68022.76196044663,10485,10490,10580,10410,0.0,10490,0,0
3742,2025-01-23,47.561960446619196,66517.20000000001,66564.76196044663,10540,10265,10540,10260,0.0,10265,0,0
3743,2025-01-24,47.561960446619196,66679.20000000001,66726.76196044663,10350,10290,10350,10240,0.0,10290,0,0
3744,2025-01-31,47.561960446619196,66096.0,66143.56196044662,10375,10200,10375,10165,0.0,10200,0,0
